IDs
14089194
7983761
13993820
12358454
13787217
11513731
11063804
14002002
14074952
13491386
5627530
13939796
12828541
6808628
13868080
2289824
10414783
13431568
10293739
1637103
12406971
13804000
11047622
13614704
13996889
13032627
3083951
6886079
12092399
8618551
13370937
13780209
13514696
13128405
11734795
14107909
3083951
13370937
8988848
13128405
649942
10436466
11047622
13491386
9093116
2763860
13954588
1663953
13590165
8089329
10293739
14107909
4205493
13682291
3852843
10747461
47078
13804000
9463643
6636567
13938249
13514696
106052
14075504
13939796
10454154
7124904
13427875
11590920
13634395
8213152
12410679
12203030
9941334
11510584
13623309
13063362
2961876
13902498
6714468
13866094
10477209
13912221
12272602
13916378
13578041
10414699
13958307
7069545
12902941
1664890
14002002
3414172
13753261
13657410
13774654
5436110
5203102
6677068
4053948
13831698
9839577
1308434
5785385
6341581
10477209
12176503
2645165
10247549
14011049
4205493
13590080
580131
12846750
7519753
13625891
13660094
14057851
6304736
6677068
13334933
12157128
13657410
13590165
12156285
11264054
2171504
8941232
1480351
13845710
3979641
11457940
6438015
8814009
13946606
13431568
6523595
13600753
2357443
13229965
12176789
4842895
13590080
1292476
3869319
10887474
5802902
9263299
13063362
7515886
1461030
6610929
3104167
13811638
3812683
12406971
5241804
4116697
11264054
8571568
13883611
6600821
4492014
4526349
6641924
11907915
12741265
6317910
11463528
4379659
6972777
11883218
13829077
2432788
12815395
13981958
14108578
13762568
13618777
13675796
1074359
10554784
580131
6912969
1526496
11459329
9810971
540472
10189542
13866094
3242606
1906269
1118155
12272602
8009799
12560205
423154
3850013
7762953
12989018
8988848
9217960
3979641
12930677
4359425
12605546
376740
13797257
8369964
13399552
13174769
1664530
11355208
10997035
13600753
4325445
9795877
13543581
5173152
13780209
8941790
14112871
1678005
13032627
6975441
3053356
8110495
14059082
8671742
8957672
6466935
4083715
3954071
3981082
13301116
7985891
15440
12323178
13674043
13882298
11485882
593991
7937556
7986398
13840176
13847251
11825050
9561621
643866
13797552
13688938
13312011
13578041
5320268
5153022
7381657
256134
3910934
4662943
13188022
13081307
8550494
10075415
13829715
13462385
593991
3628935
7451212
12989018
13624009
13883611
7124904
12471353
13846217
13395905
12871617
12684546
13526170
6179404
10370748
2171504
13980705
6545960
11742752
6588500
3907483
6438015
990565
6545960
11742752
6588500
3907483
6438015
990565
12605994
13479658
3986826
37171
11567036
9263299
9995957
12057323
13732689
6523595
3354345
7837131
438450
5196322
13981615
13451778
1859235
12974963
13901031
6937854
5554288
12157128
1268744
4325445
13171546
14043737
7837131
4909347
13867905
3884769
438450
5196322
13981615
13451778
1859235
12974963
13901031
6937854
5554288
12157128
1268744
4325445
13171546
14043737
7837131
4909347
13867905
3884769
438450
5196322
13981615
13451778
1859235
12974963
13901031
6937854
5554288
12157128
1268744
4325445
13171546
14043737
7837131
4909347
13867905
3884769
14014454
438450
5196322
13981615
13451778
1859235
12974963
13901031
6937854
5554288
12157128
1268744
4325445
13171546
14043737
7837131
4909347
13867905
438450
5196322
13981615
13451778
1859235
12974963
13901031
6937854
5554288
12157128
1268744
4325445
13171546
14043737
7837131
4909347
13867905
3884769
438450
5196322
13981615
13451778
1859235
12974963
13901031
6937854
5554288
12157128
1268744
4325445
13171546
14043737
7837131
4909347
13867905
3884769
6545960
11742752
6588500
3907483
6438015
990565
12605994
13479658
3986826
37171
11567036
9263299
9995957
12057323
13732689
6523595
3354345
7837131
6545960
11742752
6588500
3907483
6438015
990565
12605994
13479658
3986826
37171
11567036
9263299
9995957
12057323
13732689
6523595
3354345
7837131
6545960
11742752
6588500
3907483
6438015
990565
12605994
13479658
3986826
37171
11567036
9263299
9995957
12057323
13732689
6523595
3354345
7837131
438450
5196322
13981615
13451778
1859235
12974963
13901031
6937854
5554288
12157128
1268744
4325445
13171546
14043737
7837131
4909347
13867905
3884769
6545960
11742752
6588500
3907483
6438015
990565
12605994
13479658
3986826
37171
11567036
9263299
9995957
12057323
13732689
6523595
3354345
7837131
438450
5196322
13981615
13451778
1859235
12974963
13901031
6937854
5554288
12157128
1268744
4325445
13171546
14043737
7837131
4909347
13867905
3884769
14014454
438450
5196322
13981615
13451778
1859235
12974963
13901031
6937854
5554288
12157128
1268744
4325445
13171546
14043737
7837131
4909347
13867905
438450
5196322
13981615
13451778
1859235
12974963
13901031
6937854
5554288
12157128
1268744
4325445
13171546
14043737
7837131
4909347
13867905
3884769
438450
5196322
13981615
13451778
1859235
12974963
13901031
6937854
5554288
12157128
1268744
4325445
13171546
14043737
7837131
4909347
13867905
3884769
438450
5196322
13981615
13451778
1859235
12974963
13901031
6937854
5554288
12157128
1268744
4325445
13171546
14043737
7837131
4909347
13867905
3884769
438450
5196322
13981615
13451778
1859235
12974963
13901031
6937854
5554288
12157128
1268744
4325445
13171546
14043737
7837131
4909347
13867905
3884769
438450
5196322
13981615
13451778
1859235
12974963
13901031
6937854
5554288
12157128
1268744
4325445
13171546
14043737
7837131
4909347
13867905
3884769
438450
5196322
13981615
13451778
1859235
12974963
13901031
6937854
5554288
12157128
1268744
4325445
13171546
14043737
7837131
4909347
13867905
3884769
6545960
11742752
6588500
3907483
6438015
990565
12605994
13479658
3986826
37171
11567036
9263299
9995957
12057323
13732689
6523595
3354345
7837131
438450
5196322
13981615
13451778
1859235
12974963
13901031
6937854
5554288
12157128
1268744
4325445
13171546
14043737
7837131
4909347
13867905
3884769
6545960
11742752
6588500
3907483
6438015
990565
12605994
13479658
3986826
37171
11567036
9263299
9995957
12057323
13732689
6523595
3354345
7837131
6545960
11742752
6588500
3907483
6438015
990565
12605994
13479658
3986826
37171
11567036
9263299
9995957
12057323
13732689
6523595
3354345
7837131
6545960
11742752
6588500
3907483
6438015
990565
12605994
13479658
3986826
37171
11567036
9263299
9995957
12057323
13732689
6523595
3354345
7837131
6545960
11742752
6588500
3907483
6438015
990565
12605994
13479658
3986826
37171
11567036
9263299
9995957
12057323
13732689
6523595
3354345
7837131
6545960
11742752
6588500
3907483
6438015
990565
12605994
13479658
3986826
37171
11567036
9263299
9995957
12057323
13732689
6523595
3354345
7837131
438450
5196322
13981615
13451778
1859235
12974963
13901031
6937854
5554288
12157128
1268744
4325445
13171546
14043737
7837131
4909347
13867905
3884769
438450
5196322
13981615
13451778
1859235
12974963
13901031
6937854
5554288
12157128
1268744
4325445
13171546
14043737
7837131
4909347
13867905
3884769
6545960
11742752
6588500
3907483
6438015
990565
12605994
13479658
3986826
37171
11567036
9263299
9995957
12057323
13732689
6523595
3354345
7837131
6545960
11742752
6588500
3907483
6438015
990565
12605994
13479658
3986826
37171
11567036
9263299
9995957
12057323
13732689
6523595
3354345
7837131
438450
5196322
13981615
13451778
1859235
12974963
13901031
6937854
5554288
12157128
1268744
4325445
13171546
14043737
7837131
4909347
13867905
3884769
438450
5196322
13981615
13451778
1859235
12974963
13901031
6937854
5554288
12157128
1268744
4325445
13171546
14043737
7837131
4909347
13867905
3884769
6545960
11742752
6588500
3907483
6438015
990565
12605994
13479658
3986826
37171
11567036
9263299
9995957
12057323
13732689
6523595
3354345
7837131
11742752
6588500
3907483
6438015
990565
12605994
13479658
3986826
37171
11567036
9263299
9995957
12057323
13732689
6523595
3354345
7837131
11436299
438450
5196322
13981615
13451778
1859235
12974963
13901031
6937854
5554288
12157128
1268744
4325445
13171546
14043737
7837131
4909347
13867905
3884769
6545960
11742752
6588500
3907483
6438015
990565
12605994
13479658
3986826
37171
11567036
9263299
9995957
12057323
13732689
6523595
3354345
7837131
438450
5196322
13981615
13451778
1859235
12974963
13901031
6937854
5554288
12157128
1268744
4325445
13171546
14043737
7837131
4909347
13867905
3884769
6545960
11742752
6588500
3907483
6438015
990565
12605994
13479658
3986826
37171
11567036
9263299
9995957
12057323
13732689
6523595
3354345
7837131
438450
5196322
13981615
13451778
1859235
12974963
13901031
6937854
5554288
12157128
1268744
4325445
13171546
14043737
7837131
4909347
13867905
3884769
438450
5196322
13981615
13451778
1859235
12974963
13901031
6937854
5554288
12157128
1268744
4325445
13171546
14043737
7837131
4909347
13867905
3884769
6545960
11742752
6588500
3907483
6438015
990565
12605994
13479658
3986826
37171
11567036
9263299
9995957
12057323
13732689
6523595
3354345
7837131
438450
5196322
13981615
13451778
1859235
12974963
13901031
6937854
5554288
12157128
1268744
4325445
13171546
14043737
7837131
4909347
13867905
3884769
438450
5196322
13981615
13451778
1859235
12974963
13901031
6937854
5554288
12157128
1268744
4325445
13171546
14043737
7837131
4909347
13867905
3884769
438450
5196322
13981615
13451778
1859235
12974963
13901031
6937854
5554288
12157128
1268744
4325445
13171546
14043737
7837131
4909347
13867905
3884769
6545960
11742752
6588500
3907483
6438015
990565
12605994
13479658
3986826
37171
11567036
9263299
9995957
12057323
13732689
6523595
3354345
7837131
438450
5196322
13981615
13451778
1859235
12974963
13901031
6937854
5554288
12157128
1268744
4325445
13171546
14043737
7837131
4909347
13867905
3884769
438450
5196322
13981615
13451778
1859235
12974963
13901031
6937854
5554288
12157128
1268744
4325445
13171546
14043737
7837131
4909347
13867905
3884769
6545960
11742752
6588500
3907483
6438015
990565
12605994
13479658
3986826
37171
11567036
9263299
9995957
12057323
13732689
6523595
3354345
7837131
438450
5196322
13981615
13451778
1859235
12974963
13901031
6937854
5554288
12157128
1268744
4325445
13171546
14043737
7837131
4909347
13867905
3884769
6545960
11742752
6588500
3907483
6438015
990565
12605994
13479658
3986826
37171
11567036
9263299
9995957
12057323
13732689
6523595
3354345
7837131
438450
5196322
13981615
13451778
1859235
12974963
13901031
6937854
5554288
12157128
1268744
4325445
13171546
14043737
7837131
4909347
13867905
3884769
438450
5196322
13981615
13451778
1859235
12974963
13901031
6937854
5554288
12157128
1268744
4325445
13171546
14043737
7837131
4909347
13867905
3884769
438450
5196322
13981615
13451778
1859235
12974963
13901031
6937854
5554288
12157128
1268744
4325445
13171546
14043737
7837131
4909347
13867905
3884769
6545960
11742752
6588500
3907483
6438015
990565
12605994
13479658
3986826
37171
11567036
9263299
9995957
12057323
13732689
6523595
3354345
7837131
6545960
11742752
6588500
3907483
6438015
990565
12605994
13479658
3986826
37171
11567036
9263299
9995957
12057323
13732689
6523595
3354345
7837131
6545960
11742752
6588500
3907483
6438015
990565
12605994
13479658
3986826
37171
11567036
9263299
9995957
12057323
13732689
6523595
3354345
7837131
6545960
11742752
6588500
3907483
6438015
990565
12605994
13479658
3986826
37171
11567036
9263299
9995957
12057323
13732689
6523595
3354345
7837131
6545960
11742752
6588500
3907483
6438015
990565
12605994
13479658
3986826
37171
11567036
9263299
9995957
12057323
13732689
6523595
3354345
7837131
438450
5196322
13981615
13451778
1859235
12974963
13901031
6937854
5554288
12157128
1268744
4325445
13171546
14043737
7837131
4909347
13867905
3884769
438450
5196322
13981615
13451778
1859235
12974963
13901031
6937854
5554288
12157128
1268744
4325445
13171546
14043737
7837131
4909347
13867905
3884769
6545960
11742752
6588500
3907483
6438015
990565
12605994
13479658
3986826
37171
11567036
9263299
9995957
12057323
13732689
6523595
3354345
7837131
6545960
11742752
6588500
3907483
6438015
990565
12605994
13479658
3986826
37171
11567036
9263299
9995957
12057323
13732689
6523595
3354345
7837131
438450
5196322
13981615
13451778
1859235
12974963
13901031
6937854
5554288
12157128
1268744
4325445
13171546
14043737
7837131
4909347
13867905
3884769
6545960
11742752
6588500
3907483
6438015
990565
12605994
13479658
3986826
37171
11567036
9263299
9995957
12057323
13732689
6523595
3354345
7837131
6545960
11742752
6588500
3907483
6438015
990565
12605994
13479658
3986826
37171
11567036
9263299
9995957
12057323
13732689
6523595
3354345
7837131
438450
5196322
13981615
13451778
1859235
12974963
13901031
6937854
5554288
12157128
1268744
4325445
13171546
14043737
7837131
4909347
13867905
3884769
13980705
6545960
11742752
6588500
3907483
6438015
990565
12605994
13479658
3986826
37171
11567036
9263299
9995957
12057323
13732689
6523595
3354345
6545960
11742752
6588500
3907483
6438015
990565
12605994
13479658
3986826
37171
11567036
9263299
9995957
12057323
13732689
6523595
3354345
7837131
438450
5196322
13981615
13451778
1859235
12974963
13901031
6937854
5554288
12157128
1268744
4325445
13171546
14043737
7837131
4909347
13867905
3884769
6545960
11742752
6588500
3907483
6438015
990565
12605994
13479658
3986826
37171
11567036
9263299
9995957
12057323
13732689
6523595
3354345
7837131
6545960
11742752
6588500
3907483
6438015
990565
12605994
13479658
3986826
37171
11567036
9263299
9995957
12057323
13732689
6523595
3354345
7837131
438450
5196322
13981615
13451778
1859235
12974963
13901031
6937854
5554288
12157128
1268744
4325445
13171546
14043737
7837131
4909347
13867905
3884769
438450
5196322
13981615
13451778
1859235
12974963
13901031
6937854
5554288
12157128
1268744
4325445
13171546
14043737
7837131
4909347
13867905
3884769
14014454
438450
5196322
13981615
13451778
1859235
12974963
13901031
6937854
5554288
12157128
1268744
4325445
13171546
14043737
7837131
4909347
13867905
6545960
11742752
6588500
3907483
6438015
990565
12605994
13479658
3986826
37171
11567036
9263299
9995957
12057323
13732689
6523595
3354345
7837131
6545960
11742752
6588500
3907483
6438015
990565
12605994
13479658
3986826
37171
11567036
9263299
9995957
12057323
13732689
6523595
3354345
7837131
6545960
11742752
6588500
3907483
6438015
990565
12605994
13479658
3986826
37171
11567036
9263299
9995957
12057323
13732689
6523595
3354345
7837131
438450
5196322
13981615
13451778
1859235
12974963
13901031
6937854
5554288
12157128
1268744
4325445
13171546
14043737
7837131
4909347
13867905
3884769
6545960
11742752
6588500
3907483
6438015
990565
12605994
13479658
3986826
37171
11567036
9263299
9995957
12057323
13732689
6523595
3354345
7837131
438450
5196322
13981615
13451778
1859235
12974963
13901031
6937854
5554288
12157128
1268744
4325445
13171546
14043737
7837131
4909347
13867905
3884769
11742752
6588500
3907483
6438015
990565
12605994
13479658
3986826
37171
11567036
9263299
9995957
12057323
13732689
6523595
3354345
7837131
11436299
438450
5196322
13981615
13451778
1859235
12974963
13901031
6937854
5554288
12157128
1268744
4325445
13171546
14043737
7837131
4909347
13867905
3884769
6545960
11742752
6588500
3907483
6438015
990565
12605994
13479658
3986826
37171
11567036
9263299
9995957
12057323
13732689
6523595
3354345
7837131
