IDs
12917317
1203039
8099577
14058275
13960999
13694448
11670248
12090956
12308104
13507517
13979763
504564
14085322
12210530
3061036
13813426
4785917
1857003
5928976
9079892
9351265
13909451
3440257
12509442
5047780
7632657
13866762
13617318
12410780
4083688
7591555
13082729
8300707
8826603
7783924
12602880
8149591
7476702
13699468
4354983
12136155
8035220
6948053
14012641
9531440
1089455
7935934
611839
7418174
3798087
13348593
11641845
7673608
8824905
13956123
11973145
13690556
13200818
5480913
11621251
13432253
4547741
8440219
7935934
12569936
10710405
13488374
13671981
13496719
14119645
13748328
13398494
12736638
13683298
13062802
12210530
8669875
13430244
11670248
12822377
13816365
13862293
13522364
13018322
11879348
7648365
13575637
13574479
7986207
13221121
14141385
8440219
5862648
8406911
13376996
13731634
10992395
12323552
7597731
13139434
9696138
12997563
14093324
4731523
7084894
7497203
13696913
13116351
8306409
13222117
2292298
8593044
13900931
10059353
10970634
7708153
8706915
8208892
9247018
12186204
13141600
4133737
7095184
4202063
2570620
9617255
11697616
2139407
8321204
5918056
4701368
8635296
13658398
13236524
5659035
13880346
5278739
12736638
8290997
12569936
10659320
5231461
8811480
8172856
13960617
11187498
1235426
1238598
12011220
13854771
8151791
9992242
2658124
7143997
14084354
6056635
12822377
7696980
3811926
9257902
8305935
14119645
9331679
10824499
13973344
13924650
10992395
14185704
11865023
13417077
12997563
8568341
13289061
14072818
12200565
13991050
13491325
11703362
4330309
12998317
11187498
14067275
14091733
8390818
13078943
11374910
13929972
13208209
11678771
13675001
9682828
11740335
13859522
14126519
4083688
13937282
4855560
13539103
12448111
13630287
8826603
13971534
13899794
13204890
13205596
13715617
7825255
14077597
13541125
10280848
12602880
12579630
12955756
13792420
12823231
6924711
12254863
11080468
13379881
13172832
11802754
8811480
13999507
7511458
14152204
13661008
1319996
13893848
13140814
13800629
9767819
14026761
14122457
12248918
13432797
14141543
14196281
11670661
13429454
13732536
14028571
13511137
13476020
5863177
1089455
14106050
14196441
233528
14204158
14209537
13970406
404792
8300707
1471653
13549246
2117557
2204244
14015429
4202063
13510788
9909328
12435111
13859218
11226310
8900436
7497203
13575171
2473938
13082944
13390468
7418174
11225001
3798087
13540285
5918056
13280947
7747636
13547837
8305935
13410468
13545339
13770292
4354983
9041069
12367172
14076418
11727954
2828802
4354983
9041069
12367172
14076418
11727954
2828802
1412905
14014338
8387305
8917609
3440257
8321204
9992242
12293741
13406958
12951650
13061881
13675029
4354983
9041069
12367172
14076418
11727954
2828802
1412905
14014338
8387305
8917609
3440257
8321204
9992242
12293741
13406958
12951650
13061881
13675029
4354983
9041069
12367172
14076418
11727954
2828802
1412905
14014338
8387305
8917609
3440257
8321204
9992242
12293741
13406958
12951650
13061881
13675029
4354983
9041069
12367172
14076418
11727954
2828802
1412905
14014338
8387305
8917609
3440257
8321204
9992242
12293741
13406958
12951650
13061881
13675029
4354983
9041069
12367172
14076418
11727954
2828802
1412905
14014338
8387305
8917609
3440257
8321204
9992242
12293741
13406958
12951650
13061881
13675029
12076738
12211390
8824621
13433732
3976521
13630287
13534702
10548171
8390818
11146215
9690523
13859522
13601696
9767819
11048027
4120168
12293741
607502
12076738
12211390
8824621
13433732
3976521
13630287
13534702
10548171
8390818
11146215
9690523
13859522
13601696
9767819
11048027
4120168
12293741
607502
12076738
12211390
8824621
13433732
3976521
13630287
13534702
10548171
8390818
11146215
9690523
13859522
13601696
9767819
11048027
4120168
12293741
607502
12076738
12211390
8824621
13433732
3976521
13630287
13534702
10548171
8390818
11146215
9690523
13859522
13601696
9767819
11048027
4120168
12293741
607502
12076738
12211390
8824621
13433732
3976521
13630287
13534702
10548171
8390818
11146215
9690523
13859522
13601696
9767819
11048027
4120168
12293741
607502
12076738
12211390
8824621
13433732
3976521
13630287
13534702
10548171
8390818
11146215
9690523
13859522
13601696
9767819
11048027
4120168
12293741
607502
4354983
9041069
12367172
14076418
11727954
2828802
1412905
14014338
8387305
8917609
3440257
8321204
9992242
12293741
13406958
12951650
13061881
13675029
12076738
12211390
8824621
13433732
3976521
13630287
13534702
10548171
8390818
11146215
9690523
13859522
13601696
9767819
11048027
4120168
12293741
607502
12076738
12211390
8824621
13433732
3976521
13630287
13534702
10548171
8390818
11146215
9690523
13859522
13601696
9767819
11048027
4120168
12293741
607502
12076738
12211390
8824621
13433732
3976521
13630287
13534702
10548171
8390818
11146215
9690523
13859522
13601696
9767819
11048027
4120168
12293741
607502
12076738
12211390
8824621
13433732
3976521
13630287
13534702
10548171
8390818
11146215
9690523
13859522
13601696
9767819
11048027
4120168
12293741
607502
4354983
9041069
12367172
14076418
11727954
2828802
1412905
14014338
8387305
8917609
3440257
8321204
9992242
12293741
13406958
12951650
13061881
13675029
12076738
12211390
8824621
13433732
3976521
13630287
13534702
10548171
8390818
11146215
9690523
13859522
13601696
9767819
11048027
4120168
12293741
607502
12076738
12211390
8824621
13433732
3976521
13630287
13534702
10548171
8390818
11146215
9690523
13859522
13601696
9767819
11048027
4120168
12293741
607502
12076738
12211390
8824621
13433732
3976521
13630287
13534702
10548171
8390818
11146215
9690523
13859522
13601696
9767819
11048027
4120168
12293741
607502
12211390
8824621
13433732
3976521
13534702
10548171
8390818
11146215
9690523
13859522
13601696
9767819
11048027
4120168
12293741
607502
11225001
10456804
12076738
12211390
8824621
13433732
3976521
13630287
13534702
10548171
8390818
11146215
9690523
13859522
13601696
9767819
11048027
4120168
12293741
607502
4354983
9041069
12367172
14076418
11727954
2828802
1412905
14014338
8387305
8917609
3440257
8321204
9992242
12293741
13406958
12951650
13061881
13675029
12076738
12211390
8824621
13433732
3976521
13630287
13534702
10548171
8390818
11146215
9690523
13859522
13601696
9767819
11048027
4120168
12293741
607502
4354983
9041069
12367172
14076418
11727954
2828802
1412905
14014338
8387305
8917609
3440257
8321204
9992242
12293741
13406958
12951650
13061881
13675029
4354983
9041069
12367172
14076418
11727954
2828802
1412905
14014338
8387305
8917609
3440257
8321204
9992242
12293741
13406958
12951650
13061881
13675029
4354983
9041069
12367172
14076418
11727954
2828802
1412905
14014338
8387305
8917609
3440257
8321204
9992242
12293741
13406958
12951650
13061881
13675029
12076738
12211390
8824621
13433732
3976521
13630287
13534702
10548171
8390818
11146215
9690523
13859522
13601696
9767819
11048027
4120168
12293741
607502
12076738
12211390
8824621
13433732
3976521
13630287
13534702
10548171
8390818
11146215
9690523
13859522
13601696
9767819
11048027
4120168
12293741
607502
12076738
12211390
8824621
13433732
3976521
13630287
13534702
10548171
8390818
11146215
9690523
13859522
13601696
9767819
11048027
4120168
12293741
607502
12076738
12211390
8824621
13433732
3976521
13630287
13534702
10548171
8390818
11146215
9690523
13859522
13601696
9767819
11048027
4120168
12293741
607502
4354983
9041069
12367172
14076418
11727954
2828802
1412905
14014338
8387305
8917609
3440257
8321204
9992242
12293741
13406958
12951650
13061881
13675029
4354983
9041069
12367172
14076418
11727954
2828802
1412905
14014338
8387305
8917609
3440257
8321204
9992242
12293741
13406958
12951650
13061881
13675029
4354983
9041069
12367172
14076418
11727954
2828802
1412905
14014338
8387305
8917609
3440257
8321204
9992242
12293741
13406958
12951650
13061881
13675029
4354983
9041069
12367172
14076418
11727954
2828802
1412905
14014338
8387305
8917609
3440257
8321204
9992242
12293741
13406958
12951650
13061881
13675029
4354983
9041069
12367172
14076418
11727954
2828802
1412905
14014338
8387305
8917609
3440257
8321204
9992242
12293741
13406958
12951650
13061881
13675029
4354983
9041069
12367172
14076418
11727954
2828802
1412905
14014338
8387305
8917609
3440257
8321204
9992242
12293741
13406958
12951650
13061881
13675029
12076738
12211390
8824621
13433732
3976521
13630287
13534702
10548171
8390818
11146215
9690523
13859522
13601696
9767819
11048027
4120168
12293741
607502
4354983
9041069
12367172
14076418
11727954
2828802
1412905
14014338
8387305
8917609
3440257
8321204
9992242
12293741
13406958
12951650
13061881
13675029
4354983
9041069
12367172
14076418
11727954
2828802
1412905
14014338
8387305
8917609
3440257
8321204
9992242
12293741
13406958
12951650
13061881
13675029
4354983
9041069
12367172
14076418
11727954
2828802
1412905
14014338
8387305
8917609
3440257
8321204
9992242
12293741
13406958
12951650
13061881
13675029
4354983
9041069
12367172
14076418
11727954
2828802
1412905
14014338
8387305
8917609
3440257
8321204
9992242
12293741
13406958
12951650
13061881
13675029
4354983
9041069
12367172
14076418
11727954
2828802
1412905
14014338
8387305
8917609
3440257
8321204
9992242
12293741
13406958
12951650
13061881
13675029
4354983
9041069
12367172
14076418
11727954
2828802
1412905
14014338
8387305
8917609
3440257
8321204
9992242
12293741
13406958
12951650
13061881
13675029
4354983
9041069
12367172
14076418
11727954
2828802
1412905
14014338
8387305
8917609
3440257
8321204
9992242
12293741
13406958
12951650
13061881
13675029
12076738
12211390
8824621
13433732
3976521
13630287
13534702
10548171
8390818
11146215
9690523
13859522
13601696
9767819
11048027
4120168
12293741
607502
4354983
9041069
12367172
14076418
11727954
2828802
1412905
14014338
8387305
8917609
3440257
8321204
9992242
12293741
13406958
12951650
13061881
13675029
4354983
9041069
12367172
14076418
11727954
2828802
1412905
14014338
8387305
8917609
3440257
8321204
9992242
12293741
13406958
12951650
13061881
13675029
4354983
9041069
12367172
14076418
11727954
2828802
1412905
14014338
8387305
8917609
3440257
8321204
9992242
12293741
13406958
12951650
13061881
13675029
4354983
9041069
12367172
14076418
11727954
2828802
1412905
14014338
8387305
8917609
3440257
8321204
9992242
12293741
13406958
12951650
13061881
13675029
4354983
9041069
12367172
14076418
11727954
2828802
1412905
14014338
8387305
8917609
3440257
8321204
9992242
12293741
13406958
12951650
13061881
13675029
4354983
9041069
12367172
14076418
11727954
2828802
1412905
14014338
8387305
8917609
3440257
8321204
9992242
12293741
13406958
12951650
13061881
13675029
4354983
9041069
12367172
14076418
11727954
2828802
1412905
14014338
8387305
8917609
3440257
8321204
9992242
12293741
13406958
12951650
13061881
13675029
4354983
9041069
12367172
14076418
11727954
2828802
1412905
14014338
8387305
8917609
3440257
8321204
9992242
12293741
13406958
12951650
13061881
13675029
4354983
9041069
12367172
14076418
11727954
2828802
1412905
14014338
8387305
8917609
3440257
8321204
9992242
12293741
13406958
12951650
13061881
13675029
4354983
9041069
12367172
14076418
11727954
2828802
1412905
14014338
8387305
8917609
3440257
8321204
9992242
12293741
13406958
12951650
13061881
13675029
12076738
12211390
8824621
13433732
3976521
13630287
13534702
10548171
8390818
11146215
9690523
13859522
13601696
9767819
11048027
4120168
12293741
607502
12076738
12211390
8824621
13433732
3976521
13630287
13534702
10548171
8390818
11146215
9690523
13859522
13601696
9767819
11048027
4120168
12293741
607502
12076738
12211390
8824621
13433732
3976521
13630287
13534702
10548171
8390818
11146215
9690523
13859522
13601696
9767819
11048027
4120168
12293741
607502
4354983
9041069
12367172
14076418
11727954
2828802
1412905
14014338
8387305
8917609
3440257
8321204
9992242
12293741
13406958
12951650
13061881
13675029
4354983
9041069
12367172
14076418
11727954
2828802
1412905
14014338
8387305
8917609
3440257
8321204
9992242
12293741
13406958
12951650
13061881
13675029
4354983
9041069
12367172
14076418
11727954
2828802
1412905
14014338
8387305
8917609
3440257
8321204
9992242
12293741
13406958
12951650
13061881
13675029
4354983
9041069
12367172
14076418
11727954
2828802
1412905
14014338
8387305
8917609
3440257
8321204
9992242
12293741
13406958
12951650
13061881
13675029
12076738
12211390
8824621
13433732
3976521
13630287
13534702
10548171
8390818
11146215
9690523
13859522
13601696
9767819
11048027
4120168
12293741
607502
4354983
9041069
12367172
14076418
11727954
2828802
1412905
14014338
8387305
8917609
3440257
8321204
9992242
12293741
13406958
12951650
13061881
13675029
4354983
9041069
12367172
14076418
11727954
2828802
1412905
14014338
8387305
8917609
3440257
8321204
9992242
12293741
13406958
12951650
13061881
13675029
4354983
9041069
12367172
14076418
11727954
2828802
1412905
14014338
8387305
8917609
3440257
8321204
9992242
12293741
13406958
12951650
13061881
13675029
4354983
9041069
12367172
14076418
11727954
2828802
1412905
14014338
8387305
8917609
3440257
8321204
9992242
12293741
13406958
12951650
13061881
13675029
12076738
12211390
8824621
13433732
3976521
13630287
13534702
10548171
8390818
11146215
9690523
13859522
13601696
9767819
11048027
4120168
12293741
607502
4354983
9041069
12367172
14076418
11727954
2828802
1412905
14014338
8387305
8917609
3440257
8321204
9992242
12293741
13406958
12951650
13061881
13675029
12076738
12211390
8824621
13433732
3976521
13630287
13534702
10548171
8390818
11146215
9690523
13859522
13601696
9767819
11048027
4120168
12293741
607502
4354983
9041069
12367172
14076418
11727954
2828802
1412905
14014338
8387305
8917609
3440257
8321204
9992242
12293741
13406958
12951650
13061881
13675029
12076738
12211390
8824621
13433732
3976521
13630287
13534702
10548171
8390818
11146215
9690523
13859522
13601696
9767819
11048027
4120168
12293741
607502
12076738
12211390
8824621
13433732
3976521
13630287
13534702
10548171
8390818
11146215
9690523
13859522
13601696
9767819
11048027
4120168
12293741
607502
4354983
9041069
12367172
14076418
11727954
2828802
1412905
14014338
8387305
8917609
3440257
8321204
9992242
12293741
13406958
12951650
13061881
13675029
4354983
9041069
12367172
14076418
11727954
2828802
1412905
14014338
8387305
8917609
3440257
8321204
9992242
12293741
13406958
12951650
13061881
13675029
4354983
9041069
12367172
14076418
11727954
2828802
1412905
14014338
8387305
8917609
3440257
8321204
9992242
12293741
13406958
12951650
13061881
13675029
12076738
12211390
8824621
13433732
3976521
13630287
13534702
10548171
8390818
11146215
9690523
13859522
13601696
9767819
11048027
4120168
12293741
607502
12076738
12211390
8824621
13433732
3976521
13630287
13534702
10548171
8390818
11146215
9690523
13859522
13601696
9767819
11048027
4120168
12293741
607502
4354983
9041069
12367172
14076418
11727954
2828802
1412905
14014338
8387305
8917609
3440257
8321204
9992242
12293741
13406958
12951650
13061881
13675029
4354983
9041069
12367172
14076418
11727954
2828802
1412905
14014338
8387305
8917609
3440257
8321204
9992242
12293741
13406958
12951650
13061881
13675029
4354983
9041069
12367172
14076418
11727954
2828802
1412905
14014338
8387305
8917609
3440257
8321204
9992242
12293741
13406958
12951650
13061881
13675029
4354983
9041069
12367172
14076418
11727954
2828802
1412905
14014338
8387305
8917609
3440257
8321204
9992242
12293741
13406958
12951650
13061881
13675029
12076738
12211390
8824621
13433732
3976521
13630287
13534702
10548171
8390818
11146215
9690523
13859522
13601696
9767819
11048027
4120168
12293741
607502
