pricelistings
369
129
75
29
199
75
97
49
100
99
86
125
68
30
104
59
80
85
65
109
39
72
120
59
50
80
140
65
153
105
54
129
37
60
80
49
54
95
115
85
60
70
50
55
43
75
79
40
57
149
119
29
109
50
86
84
25
120
138
50
67
47
63
65
100
65
92
105
80
64
110
70
195
149
98
50
85
249
29
29
69
89
209
179
369
159
189
159
169
109
90
125
99
52
55
63
30
80
58
42
69
69
49
70
109
95
99
55
99
55
70
45
84
49
20
120
59
60
120
92
40
200
60
65
69
60
79
80
100
51
75
157
120
34
45
89
149
99
69
97
141
150
60
38
130
40
70
80
60
50
54
35
42
70
150
30
85
40
109
50
60
35
35
68
130
100
36
140
65
63
100
59
119
69
60
60
27
100
75
89
96
149
70
120
19
69
140
40
53
120
49
65
100
30
35
30
30
30
50
95
80
130
80
60
130
91
95
80
60
30
100
63
129
49
60
109
46
29
135
25
48
74
90
48
60
48
35
160
55
68
125
200
60
60
29
95
22
46
40
85
69
65
65
105
79
31
75
129
125
40
30
39
45
90
75
165
44
150
59
79
30
55
108
109
89
59
50
89
75
70
70
56
59
57
72
149
95
100
50
79
40
42
66
75
90
85
32
75
99
129
45
55
75
80
89
84
60
16
46
65
50
60
75
192
70
50
66
75
90
85
32
75
72
199
65
140
72
60
75
120
80
100
70
90
99
129
45
55
75
80
89
84
60
16
46
65
50
60
75
192
70
50
66
75
90
85
32
75
72
199
65
140
72
60
75
120
80
100
70
90
99
129
45
55
75
80
89
84
60
16
46
65
50
60
75
192
70
50
66
75
90
85
32
75
72
199
65
140
72
60
75
120
80
100
70
90
66
75
90
85
32
75
72
199
65
140
72
60
75
120
80
100
70
90
66
75
90
85
32
75
72
199
65
140
72
60
75
120
80
100
70
90
99
129
45
55
75
80
89
84
60
16
46
65
50
60
75
192
70
50
99
129
45
55
75
80
89
84
60
16
46
65
50
60
75
192
70
50
66
75
90
85
32
75
72
199
65
140
72
60
75
120
80
100
70
90
66
75
90
85
32
75
72
199
65
140
72
60
75
120
80
100
70
90
99
129
45
55
75
80
89
84
60
16
46
65
50
60
75
192
70
50
66
75
90
85
32
75
72
199
65
140
72
60
75
120
80
100
70
90
66
75
90
85
32
75
72
199
65
140
72
60
75
120
80
100
70
90
99
129
45
55
75
80
89
84
60
16
46
65
50
60
75
192
70
50
66
75
90
85
32
75
72
199
65
140
72
60
75
120
80
100
70
90
99
129
45
55
75
80
89
84
60
16
46
65
50
60
75
192
70
50
66
75
90
85
32
75
72
199
65
140
72
60
75
120
80
100
70
90
99
129
45
55
75
80
89
84
60
16
46
65
50
60
75
192
70
50
66
75
90
85
32
75
72
199
65
140
72
60
75
120
80
100
70
90
99
129
45
55
75
80
89
84
60
16
46
65
50
60
75
192
70
50
66
75
90
85
32
75
72
199
65
140
72
60
75
120
80
100
70
90
75
72
199
65
140
72
60
120
80
100
70
90
85
138
46
50
75
50
99
129
45
55
75
80
89
84
60
16
46
65
50
60
75
192
70
50
66
75
90
85
32
75
72
199
65
140
72
60
75
120
80
100
70
90
66
75
90
85
32
75
72
199
65
140
72
60
75
120
80
100
70
90
99
129
45
55
75
80
89
84
60
16
46
65
50
60
75
192
70
50
66
75
90
85
32
75
72
199
65
140
72
60
75
120
80
100
70
90
99
129
45
55
75
80
89
84
60
16
46
65
50
60
75
192
70
50
66
75
90
85
32
75
72
199
65
140
72
60
75
120
80
100
70
90
99
129
45
55
75
80
89
84
60
16
46
65
50
60
75
192
70
50
66
75
90
85
32
75
72
199
65
140
72
60
75
120
80
100
70
90
66
75
90
85
32
75
72
199
65
140
72
60
75
120
80
100
70
90
99
129
45
55
75
80
89
84
60
16
46
65
50
60
75
192
70
50
66
75
90
85
32
75
72
199
65
140
72
60
75
120
80
100
70
90
99
129
45
55
75
80
89
84
60
16
46
65
50
60
75
192
70
50
66
75
90
85
32
75
72
199
65
140
72
60
75
120
80
100
70
90
66
75
90
85
32
75
72
199
65
140
72
60
75
120
80
100
70
90
66
75
90
85
32
75
72
199
65
140
72
60
75
120
80
100
70
90
66
75
90
85
32
75
72
199
65
140
72
60
75
120
80
100
70
90
66
75
90
85
32
75
72
199
65
140
72
60
75
120
80
100
70
90
99
129
45
55
75
80
89
84
60
16
46
65
50
60
75
192
70
50
99
129
45
55
75
80
89
84
60
16
46
65
50
60
75
192
70
50
99
129
45
55
75
80
89
84
60
16
46
65
50
60
75
192
70
50
75
72
199
65
140
72
60
75
120
80
100
90
85
138
46
50
75
50
66
75
90
85
32
75
72
199
65
140
72
60
75
120
80
100
70
90
99
129
45
55
75
80
89
84
60
16
46
65
50
60
75
192
70
50
99
129
45
55
75
80
89
84
60
16
46
65
50
60
75
192
70
50
99
129
45
55
75
80
89
84
60
16
46
65
50
60
75
192
70
50
99
129
45
55
75
80
89
84
60
16
46
65
50
60
75
192
70
50
66
75
90
85
32
75
72
199
65
140
72
60
75
120
80
100
70
90
66
75
90
85
32
75
72
199
65
140
72
60
75
120
80
100
70
90
66
75
90
85
32
75
72
199
65
140
72
60
75
120
80
100
70
90
66
75
90
85
32
75
72
199
65
140
72
60
75
120
80
100
70
90
99
129
45
55
75
80
89
84
60
16
46
65
50
60
75
192
70
50
99
129
45
55
75
80
89
84
60
16
46
65
50
60
75
192
70
50
66
75
90
85
32
75
72
199
65
140
72
60
75
120
80
100
70
90
99
129
45
55
75
80
89
84
60
16
46
65
50
60
75
192
70
50
99
129
45
55
75
80
89
84
60
16
46
65
50
60
75
192
70
50
99
129
45
55
75
80
89
84
60
16
46
65
50
60
75
192
70
50
99
129
45
55
75
80
89
84
60
16
46
65
50
60
75
192
70
50
66
75
90
85
32
75
72
199
65
140
72
60
75
120
80
100
70
90
99
129
45
55
75
80
89
84
60
16
46
65
50
60
75
192
70
50
99
129
45
55
75
80
89
84
60
16
46
65
50
60
75
192
70
50
66
75
90
85
32
75
72
199
65
140
72
60
75
120
80
100
70
90
99
129
45
55
75
80
89
84
60
16
46
65
50
60
75
192
70
50
66
75
90
85
32
75
72
199
65
140
72
60
75
120
80
100
70
90
66
75
90
85
32
75
72
199
65
140
72
60
75
120
80
100
70
90
99
129
45
55
75
80
89
84
60
16
46
65
50
60
75
192
70
50
66
75
90
85
32
75
72
199
65
140
72
60
75
120
80
100
70
90
66
75
90
85
32
75
72
199
65
140
72
60
75
120
80
100
70
90
66
75
90
85
32
75
72
199
65
140
72
60
75
120
80
100
70
90
66
75
90
85
32
75
72
199
65
140
72
60
75
120
80
100
70
90
66
75
90
85
32
75
72
199
65
140
72
60
75
120
80
100
70
90
66
75
90
85
32
75
72
199
65
140
72
60
75
120
80
100
70
90
99
129
45
55
75
80
89
84
60
16
46
65
50
60
75
192
70
50
99
129
45
55
75
80
89
84
60
16
46
65
50
60
75
192
70
50
99
129
45
55
75
80
89
84
60
16
46
65
50
60
75
192
70
50
99
129
45
55
75
80
89
84
60
16
46
65
50
60
75
192
70
50
99
129
45
55
75
80
89
84
60
16
46
65
50
60
75
192
70
50
66
75
90
85
32
75
72
199
65
140
72
60
75
120
80
100
70
90
66
75
90
85
32
75
72
199
65
140
72
60
75
120
80
100
70
90
99
129
45
55
75
80
89
84
60
16
46
65
50
60
75
192
70
50
