pricelistings
99
399
199
179
159
450
89
50
89
90
69
49
85
250
151
95
99
40
142
110
115
190
90
195
149
30
175
98
70
40
165
145
58
80
200
50
150
110
90
28
150
50
58
175
65
120
60
154
72
185
57
70
49
55
175
14
60
82
70
105
95
100
125
139
88
55
350
70
30
79
45
125
90
125
70
80
235
58
65
150
110
109
75
70
72
90
225
65
125
56
85
133
65
250
85
99
65
55
60
140
50
25
85
150
200
198
75
75
80
64
55
100
65
30
65
100
150
64
70
150
350
225
198
70
175
68
200
49
120
89
250
90
115
160
169
125
125
25
72
90
34
45
75
95
56
70
65
180
70
50
119
72
82
75
68
220
70
50
60
62
65
30
30
300
59
90
70
50
135
119
50
175
75
50
100
34
59
114
116
45
50
82
129
70
120
14
225
150
80
140
220
60
120
225
105
65
140
115
127
60
100
20
84
31
169
25
75
100
88
85
80
130
225
99
41
50
36
30
50
60
42
90
65
110
129
75
75
60
55
140
500
50
129
75
58
85
98
79
40
79
200
754
68
180
125
35
125
55
93
99
65
50
110
249
125
200
25
60
70
95
80
135
50
75
72
70
81
60
119
25
129
109
60
75
60
89
40
165
60
119
70
50
50
70
125
42
45
120
185
55
170
160
25
41
100
425
65
122
58
200
125
49
100
60
119
180
125
42
45
120
73
100
125
125
35
59
425
50
85
42
65
10
18
135
95
82
148
139
99
50
215
80
130
80
139
90
41
59
55
50
88
125
28
74
55
56
270
115
175
145
95
125
90
225
98
155
35
80
72
119
28
74
55
56
270
115
175
145
95
125
90
225
98
155
35
80
72
119
125
95
82
148
139
99
50
215
80
130
80
139
90
41
59
55
50
88
65
185
55
170
160
25
41
100
425
65
122
58
200
125
49
100
60
119
28
74
55
56
270
115
175
145
95
125
90
225
98
155
35
80
72
119
28
74
55
56
270
115
175
145
95
125
90
225
98
155
35
80
72
119
50
70
125
42
45
120
73
100
125
125
35
59
425
50
85
42
65
10
45
65
185
55
170
160
25
41
100
425
65
122
58
200
125
49
100
60
50
50
70
125
42
45
120
73
100
125
125
35
59
425
50
85
42
65
45
65
185
55
170
160
25
41
100
425
65
122
58
200
125
49
100
60
70
125
42
45
120
73
100
125
125
35
59
425
50
85
42
65
10
18
82
148
139
99
50
215
80
130
80
139
90
41
59
55
50
88
125
35
70
125
42
45
120
73
100
125
125
35
59
425
50
85
42
65
10
18
28
74
55
56
270
115
175
145
95
125
90
225
98
155
35
80
72
119
150
45
65
185
55
170
160
25
41
100
425
65
122
58
200
125
49
100
125
42
45
120
73
100
125
125
35
59
425
50
85
42
65
10
18
135
70
125
42
45
120
73
100
125
125
35
59
425
50
85
42
65
10
18
70
125
42
45
120
73
100
125
125
35
59
425
50
85
42
65
10
18
95
82
148
139
99
50
215
80
130
80
139
90
41
59
55
50
88
125
28
74
55
56
270
115
175
145
95
125
90
225
98
155
35
80
72
119
82
148
139
99
50
215
80
130
80
139
90
41
59
55
50
88
125
35
95
82
148
139
99
50
215
80
130
80
139
90
41
59
55
50
88
125
65
90
28
74
55
56
270
115
175
145
95
125
90
225
98
155
35
80
28
74
55
56
270
115
175
145
95
125
90
225
98
155
35
80
72
119
28
74
55
56
270
115
175
145
95
125
90
225
98
155
35
80
72
119
45
65
185
55
170
160
25
41
100
425
65
122
58
200
125
49
100
60
88
150
45
65
185
55
170
160
25
41
100
425
65
122
58
200
125
49
28
74
55
56
270
115
175
145
95
125
90
225
98
155
35
80
72
119
45
65
185
55
170
160
25
41
100
425
65
122
58
200
125
49
100
60
28
74
55
56
270
115
175
145
95
125
90
225
98
155
35
80
72
119
125
42
45
120
73
100
125
125
35
59
425
50
85
42
65
10
18
135
28
74
55
56
270
115
175
145
95
125
90
225
98
155
35
80
72
119
42
45
120
73
100
125
125
35
59
425
50
85
42
65
10
18
135
65
65
185
55
170
160
25
41
100
425
65
122
58
200
125
49
100
60
119
65
185
55
170
160
25
41
100
425
65
122
58
200
125
49
100
60
119
82
148
139
99
50
215
80
130
80
139
90
41
59
55
50
88
125
35
45
65
185
55
170
160
25
41
100
425
65
122
58
200
125
49
100
60
28
74
55
56
270
115
175
145
95
125
90
225
98
155
35
80
72
119
82
148
139
99
50
215
80
130
80
139
90
41
59
55
50
88
125
35
150
45
65
185
55
170
160
25
41
100
425
65
122
58
200
125
49
100
65
185
55
170
160
25
41
100
425
65
122
58
200
125
49
100
60
119
28
74
55
56
270
115
175
145
95
125
90
225
98
155
35
80
72
119
42
45
120
73
100
125
125
35
59
425
50
85
42
65
10
18
135
65
45
65
185
55
170
160
25
41
100
425
65
122
58
200
125
49
100
60
82
148
139
99
50
215
80
130
80
139
90
41
59
55
50
88
125
35
65
185
55
170
160
25
41
100
425
65
122
58
200
125
49
100
60
119
82
148
139
99
50
215
80
130
80
139
90
41
59
55
50
88
125
35
28
74
55
56
270
115
175
145
95
125
90
225
98
155
35
80
72
119
45
65
185
55
170
160
25
41
100
425
65
122
58
200
125
49
100
60
125
42
45
120
73
100
125
125
35
59
425
50
85
42
65
10
18
135
95
82
148
139
99
50
215
80
130
80
139
90
41
59
55
50
88
125
90
28
74
55
56
270
115
175
145
95
125
90
225
98
155
35
80
72
95
82
148
139
99
50
215
80
130
80
139
90
41
59
55
50
88
125
28
74
55
56
270
115
175
145
95
125
90
225
98
155
35
80
72
119
28
74
55
56
270
115
175
145
95
125
90
225
98
155
35
80
72
119
82
148
139
99
50
215
80
130
80
139
90
41
59
55
50
88
125
35
45
65
185
55
170
160
25
41
100
425
65
122
58
200
125
49
100
60
90
28
74
55
56
270
115
175
145
95
125
90
225
98
155
35
80
72
65
185
55
170
160
25
41
100
425
65
122
58
200
125
49
100
60
119
42
45
120
73
100
125
125
35
59
425
50
85
42
65
10
18
135
65
70
125
42
45
120
73
100
125
125
35
59
425
50
85
42
65
10
18
42
45
120
73
100
125
125
35
59
425
50
85
42
65
10
18
135
65
65
185
55
170
160
25
41
100
425
65
122
58
200
125
49
100
60
119
125
42
45
120
73
100
125
125
35
59
425
50
85
42
65
10
18
135
42
45
120
73
100
125
125
35
59
425
50
85
42
65
10
18
135
65
28
74
55
56
270
115
175
145
95
125
90
225
98
155
35
80
72
119
82
148
139
99
50
215
80
130
80
139
90
41
59
55
50
88
125
35
88
150
45
65
185
55
170
160
25
41
100
425
65
122
58
200
125
49
82
148
139
99
50
215
80
130
80
139
90
41
59
55
50
88
125
35
50
70
125
42
45
120
73
100
125
125
35
59
425
50
85
42
65
10
70
125
42
45
120
73
100
125
125
35
59
425
50
85
42
65
10
18
82
148
139
99
50
215
80
130
80
139
90
41
59
55
50
88
125
35
28
74
55
56
270
115
175
145
95
125
90
225
98
155
35
80
72
119
45
65
185
55
170
160
25
41
100
425
65
122
58
200
125
49
100
60
70
125
42
45
120
73
100
125
125
35
59
425
50
85
42
65
10
18
28
74
55
56
270
115
175
145
95
125
90
225
98
155
35
80
72
119
28
74
55
56
270
115
175
145
95
125
90
225
98
155
35
80
72
119
125
95
82
148
139
99
50
215
80
130
80
139
90
41
59
55
50
88
45
65
185
55
170
160
25
41
100
425
65
122
58
200
125
49
100
60
90
28
74
55
56
270
115
175
145
95
125
90
225
98
155
35
80
72
95
82
148
139
99
50
215
80
130
80
139
90
41
59
55
50
88
125
