IDs
13752815
14013102
13967721
5789606
13398514
13559047
7181242
13461855
1229289
13122275
12187394
13191819
4917519
8702075
779001
10635871
7322
13604532
3469171
10133534
9064283
7345868
11501200
13617867
7801262
9365581
917037
13718150
8761111
240329
593292
12851067
13167264
9544597
6843145
7181242
14094480
9092446
13357996
13671575
13203314
13604994
13894166
6478214
14051965
13258556
13769969
13236483
13248038
7178827
6480509
13044668
13744371
13912003
7729132
13857142
13397167
3081756
4815915
13828357
13881214
12685588
13634009
1981590
3747454
8015917
5482154
6478214
8436207
14167368
2629613
10670422
1323801
4758046
13004484
6373582
13450434
14166247
9511360
14077328
8611602
13884778
3615525
12903170
13332614
14039714
13449653
13258556
9215908
6716199
13398514
4564695
14094480
2284027
14082332
9828717
13357996
14055625
6438856
7999279
6336834
3715824
13943486
8775462
6936157
3631473
13604994
3429765
9448567
14163634
9477214
12088134
4482049
13797929
13941484
9833962
8775462
8185787
6887308
10069964
14178893
13800824
10545534
13141711
54486
13682689
13478857
9886516
14148905
12601853
13858288
14124161
12776694
14166247
14120480
13927957
14110808
13591611
13896197
13716732
4815915
13810818
13921768
12931364
13846131
13642073
14161054
9885501
12519432
8015917
12067652
13473920
9769423
11753645
13858288
13744371
4746463
9475703
11701222
12654810
11376684
4482049
12049903
13434493
14121443
11850717
13398837
13725947
14124666
13799264
13509110
7461910
13491040
13800652
13377250
593292
13846131
8704710
7287390
12973878
13800824
7386558
13814227
13532136
12363795
13641859
13763226
4251667
14091525
12232639
13910864
13545396
12111921
8680473
4758046
13473920
14178893
13885247
9452700
4831874
7410868
13641859
12019843
606269
6506254
7461910
12778072
13854483
14065629
12389703
13716604
9831813
10847705
13992622
13167264
12810452
13619248
11123451
7205531
9577923
8486828
13760302
14093370
13802045
13716604
13171746
8470384
13622647
4056620
13190078
2745620
14179385
13005664
11219289
13972090
728409
4226098
657217
4244171
4163168
13300139
7840934
14090275
13478857
13232818
11586969
1182187
4804055
9493766
4227252
4831874
2420026
13565111
13509110
13698284
10092851
13927697
7712094
14141215
13602699
9856135
14147211
8798516
9736242
12729529
1682958
4901568
1903249
13797929
14020260
14068062
13560638
7070404
13634009
8687556
12807929
13549286
9920061
4491261
10387132
12673702
6438456
9367472
11711862
12088134
14153230
13784393
13433642
11711862
12088134
14153230
13784393
13433642
14125013
14105094
12851067
13847526
13494654
13713841
9653522
9280902
7800113
13952443
12336668
13033009
8033609
1124012
7491626
14180341
7918355
12725523
3048226
11701222
9132760
8984484
10729801
6424952
13490410
4143937
12973878
9875883
13912003
13795455
7824945
11711862
12088134
14153230
13784393
13433642
14125013
14105094
12851067
13847526
13494654
13713841
9653522
9280902
7800113
13952443
12336668
13033009
8033609
13685871
13328523
12864499
9531442
13857142
12973878
13564452
14010544
2284027
10790271
13894166
13282587
14110808
11611213
9550525
13360231
13625663
9043628
11711862
12088134
14153230
13784393
13433642
14125013
14105094
12851067
13847526
13494654
13713841
9653522
9280902
7800113
13952443
12336668
13033009
8033609
13413214
9961261
1124012
7491626
14180341
7918355
12725523
3048226
11701222
9132760
8984484
10729801
6424952
13490410
4143937
12973878
9875883
13912003
7491626
14180341
7918355
12725523
3048226
11701222
9132760
8984484
10729801
6424952
13490410
4143937
12973878
9875883
13912003
13795455
7824945
12930278
1124012
7491626
14180341
7918355
12725523
3048226
11701222
9132760
8984484
10729801
6424952
13490410
4143937
12973878
9875883
13912003
13795455
7824945
14180341
7918355
12725523
3048226
11701222
9132760
8984484
10729801
6424952
13490410
4143937
12973878
9875883
13912003
13795455
7824945
12930278
13466227
11711862
12088134
14153230
13784393
13433642
14125013
14105094
12851067
13847526
13494654
13713841
9653522
9280902
7800113
13952443
12336668
13033009
8033609
9367472
11711862
12088134
14153230
13784393
13433642
14125013
14105094
12851067
13847526
13494654
13713841
9653522
9280902
7800113
13952443
12336668
13033009
11711862
12088134
14153230
13784393
13433642
14125013
14105094
12851067
13847526
13494654
13713841
9653522
9280902
7800113
13952443
12336668
13033009
8033609
13685871
13328523
12864499
9531442
13857142
12973878
13564452
14010544
2284027
10790271
13894166
13282587
14110808
11611213
9550525
13360231
13625663
9043628
1182187
8894773
7857897
13183672
13916830
11689367
4531110
13232818
4271433
12899453
14010544
10906805
13982088
9451597
14114199
12885815
8066555
3874029
6438856
1182187
8894773
7857897
13183672
13916830
11689367
4531110
13232818
4271433
12899453
14010544
10906805
13982088
9451597
14114199
12885815
8066555
11711862
12088134
14153230
13784393
13433642
14125013
14105094
12851067
13847526
13494654
13713841
9653522
9280902
7800113
13952443
12336668
13033009
8033609
13348987
13685871
13328523
12864499
9531442
13857142
12973878
13564452
14010544
2284027
10790271
13894166
13282587
14110808
11611213
9550525
13360231
13625663
11711862
12088134
14153230
13784393
13433642
14125013
14105094
12851067
13847526
13494654
13713841
9653522
9280902
7800113
13952443
12336668
13033009
8033609
13348987
13685871
13328523
12864499
9531442
13857142
12973878
13564452
14010544
2284027
10790271
13894166
13282587
14110808
11611213
9550525
13360231
13625663
11711862
12088134
14153230
13784393
13433642
14125013
14105094
12851067
13847526
13494654
13713841
9653522
9280902
7800113
13952443
12336668
13033009
8033609
7491626
14180341
7918355
12725523
3048226
11701222
9132760
8984484
10729801
6424952
13490410
4143937
12973878
9875883
13912003
13795455
7824945
12930278
13348987
13685871
13328523
12864499
9531442
13857142
12973878
13564452
14010544
2284027
10790271
13894166
13282587
14110808
11611213
9550525
13360231
13625663
11711862
12088134
14153230
13784393
13433642
14125013
14105094
12851067
13847526
13494654
13713841
9653522
9280902
7800113
13952443
12336668
13033009
8033609
9367472
11711862
12088134
14153230
13784393
13433642
14125013
14105094
12851067
13847526
13494654
13713841
9653522
9280902
7800113
13952443
12336668
13033009
7491626
14180341
7918355
12725523
3048226
11701222
9132760
8984484
10729801
6424952
13490410
4143937
12973878
9875883
13912003
13795455
7824945
12930278
1182187
8894773
7857897
13183672
13916830
11689367
4531110
13232818
4271433
12899453
14010544
10906805
13982088
9451597
14114199
12885815
8066555
3874029
13348987
13685871
13328523
12864499
9531442
13857142
12973878
13564452
14010544
2284027
10790271
13894166
13282587
14110808
11611213
9550525
13360231
13625663
7491626
14180341
7918355
12725523
3048226
11701222
9132760
8984484
10729801
6424952
13490410
4143937
12973878
9875883
13912003
13795455
7824945
12930278
11711862
12088134
14153230
13784393
13433642
14125013
14105094
12851067
13847526
13494654
13713841
9653522
9280902
7800113
13952443
12336668
13033009
8033609
7491626
14180341
7918355
12725523
3048226
11701222
9132760
8984484
10729801
6424952
13490410
4143937
12973878
9875883
13912003
13795455
7824945
12930278
14084676
13348987
13685871
13328523
12864499
9531442
13857142
12973878
13564452
14010544
2284027
10790271
13894166
13282587
14110808
11611213
9550525
13360231
1124012
7491626
14180341
7918355
12725523
3048226
11701222
9132760
8984484
10729801
6424952
13490410
4143937
12973878
9875883
13912003
13795455
7824945
11711862
12088134
14153230
13784393
13433642
14125013
14105094
12851067
13847526
13494654
13713841
9653522
9280902
7800113
13952443
12336668
13033009
8033609
13348987
13685871
13328523
12864499
9531442
13857142
12973878
13564452
14010544
2284027
10790271
13894166
13282587
14110808
11611213
9550525
13360231
13625663
12088134
14153230
13784393
13433642
14125013
14105094
12851067
13847526
13494654
13713841
9653522
9280902
7800113
13952443
12336668
13033009
8033609
10250621
9367472
11711862
12088134
14153230
13784393
13433642
14125013
14105094
12851067
13847526
13494654
13713841
9653522
9280902
7800113
13952443
12336668
13033009
1124012
7491626
14180341
7918355
12725523
3048226
11701222
9132760
8984484
10729801
6424952
13490410
4143937
12973878
9875883
13912003
13795455
7824945
1124012
7491626
14180341
7918355
12725523
3048226
11701222
9132760
8984484
10729801
6424952
13490410
4143937
12973878
9875883
13912003
13795455
7824945
1124012
7491626
14180341
7918355
12725523
3048226
11701222
9132760
8984484
10729801
6424952
13490410
4143937
12973878
9875883
13912003
13795455
7824945
13348987
13685871
13328523
12864499
9531442
13857142
12973878
13564452
14010544
2284027
10790271
13894166
13282587
14110808
11611213
9550525
13360231
13625663
1124012
7491626
14180341
7918355
12725523
3048226
11701222
9132760
8984484
10729801
6424952
13490410
4143937
12973878
9875883
13912003
13795455
7824945
14180341
7918355
12725523
3048226
11701222
9132760
8984484
10729801
6424952
13490410
4143937
12973878
9875883
13912003
13795455
7824945
12930278
13466227
11711862
12088134
14153230
13784393
13433642
14125013
14105094
12851067
13847526
13494654
13713841
9653522
9280902
7800113
13952443
12336668
13033009
8033609
14084676
13348987
13685871
13328523
12864499
9531442
13857142
12973878
13564452
14010544
2284027
10790271
13894166
13282587
14110808
11611213
9550525
13360231
11219289
6438856
1182187
8894773
7857897
13183672
13916830
11689367
4531110
13232818
4271433
12899453
14010544
10906805
13982088
9451597
14114199
12885815
9367472
11711862
12088134
14153230
13784393
13433642
14125013
14105094
12851067
13847526
13494654
13713841
9653522
9280902
7800113
13952443
12336668
13033009
12088134
14153230
13784393
13433642
14125013
14105094
12851067
13847526
13494654
13713841
9653522
9280902
7800113
13952443
12336668
13033009
8033609
10250621
1182187
8894773
7857897
13183672
13916830
11689367
4531110
13232818
4271433
12899453
14010544
10906805
13982088
9451597
14114199
12885815
8066555
3874029
1182187
8894773
7857897
13183672
13916830
11689367
4531110
13232818
4271433
12899453
14010544
10906805
13982088
9451597
14114199
12885815
8066555
3874029
11219289
6438856
1182187
8894773
7857897
13183672
13916830
11689367
4531110
13232818
4271433
12899453
14010544
10906805
13982088
9451597
14114199
12885815
12088134
14153230
13784393
13433642
14125013
14105094
12851067
13847526
13494654
13713841
9653522
9280902
7800113
13952443
12336668
13033009
8033609
10250621
14084676
13348987
13685871
13328523
12864499
9531442
13857142
12973878
13564452
14010544
2284027
10790271
13894166
13282587
14110808
11611213
9550525
13360231
9367472
11711862
12088134
14153230
13784393
13433642
14125013
14105094
12851067
13847526
13494654
13713841
9653522
9280902
7800113
13952443
12336668
13033009
14180341
7918355
12725523
3048226
11701222
9132760
8984484
10729801
6424952
13490410
4143937
12973878
9875883
13912003
13795455
7824945
12930278
13466227
6438856
1182187
8894773
7857897
13183672
13916830
11689367
4531110
13232818
4271433
12899453
14010544
10906805
13982088
9451597
14114199
12885815
8066555
6438856
1182187
8894773
7857897
13183672
13916830
11689367
4531110
13232818
4271433
12899453
14010544
10906805
13982088
9451597
14114199
12885815
8066555
7491626
14180341
7918355
12725523
3048226
11701222
9132760
8984484
10729801
6424952
13490410
4143937
12973878
9875883
13912003
13795455
7824945
12930278
9961261
1124012
7491626
14180341
7918355
12725523
3048226
11701222
9132760
8984484
10729801
6424952
13490410
4143937
12973878
9875883
13912003
13795455
9367472
11711862
12088134
14153230
13784393
13433642
14125013
14105094
12851067
13847526
13494654
13713841
9653522
9280902
7800113
13952443
12336668
13033009
13348987
13685871
13328523
12864499
9531442
13857142
12973878
13564452
14010544
2284027
10790271
13894166
13282587
14110808
11611213
9550525
13360231
13625663
6438856
1182187
8894773
7857897
13183672
13916830
11689367
4531110
13232818
4271433
12899453
14010544
10906805
13982088
9451597
14114199
12885815
8066555
13685871
13328523
12864499
9531442
13857142
12973878
13564452
14010544
2284027
10790271
13894166
13282587
14110808
11611213
9550525
13360231
13625663
9043628
1124012
7491626
14180341
7918355
12725523
3048226
11701222
9132760
8984484
10729801
6424952
13490410
4143937
12973878
9875883
13912003
13795455
7824945
13348987
13685871
13328523
12864499
9531442
13857142
12973878
13564452
14010544
2284027
10790271
13894166
13282587
14110808
11611213
9550525
13360231
13625663
13685871
13328523
12864499
9531442
13857142
12973878
13564452
14010544
2284027
10790271
13894166
13282587
14110808
11611213
9550525
13360231
13625663
9043628
11711862
12088134
14153230
13784393
13433642
14125013
14105094
12851067
13847526
13494654
13713841
9653522
9280902
7800113
13952443
12336668
13033009
8033609
7491626
14180341
7918355
12725523
3048226
11701222
9132760
8984484
10729801
6424952
13490410
4143937
12973878
9875883
13912003
13795455
7824945
12930278
11711862
12088134
14153230
13784393
13433642
14125013
14105094
12851067
13847526
13494654
13713841
9653522
9280902
7800113
13952443
12336668
13033009
8033609
12088134
14153230
13784393
13433642
14125013
14105094
12851067
13847526
13494654
13713841
9653522
9280902
7800113
13952443
12336668
13033009
8033609
10250621
11219289
6438856
1182187
8894773
7857897
13183672
13916830
11689367
4531110
13232818
4271433
12899453
14010544
10906805
13982088
9451597
14114199
12885815
7491626
14180341
7918355
12725523
3048226
11701222
9132760
8984484
10729801
6424952
13490410
4143937
12973878
9875883
13912003
13795455
7824945
12930278
7491626
14180341
7918355
12725523
3048226
11701222
9132760
8984484
10729801
6424952
13490410
4143937
12973878
9875883
13912003
13795455
7824945
12930278
14084676
13348987
13685871
13328523
12864499
9531442
13857142
12973878
13564452
14010544
2284027
10790271
13894166
13282587
14110808
11611213
9550525
13360231
1124012
7491626
14180341
7918355
12725523
3048226
11701222
9132760
8984484
10729801
6424952
13490410
4143937
12973878
9875883
13912003
13795455
7824945
6438856
1182187
8894773
7857897
13183672
13916830
11689367
4531110
13232818
4271433
12899453
14010544
10906805
13982088
9451597
14114199
12885815
8066555
14084676
13348987
13685871
13328523
12864499
9531442
13857142
12973878
13564452
14010544
2284027
10790271
13894166
13282587
14110808
11611213
9550525
13360231
12088134
14153230
13784393
13433642
14125013
14105094
12851067
13847526
13494654
13713841
9653522
9280902
7800113
13952443
12336668
13033009
8033609
10250621
9367472
11711862
12088134
14153230
13784393
13433642
14125013
14105094
12851067
13847526
13494654
13713841
9653522
9280902
7800113
13952443
12336668
13033009
7491626
14180341
7918355
12725523
3048226
11701222
9132760
8984484
10729801
6424952
13490410
4143937
12973878
9875883
13912003
13795455
7824945
12930278
13685871
13328523
12864499
9531442
13857142
12973878
13564452
14010544
2284027
10790271
13894166
13282587
14110808
11611213
9550525
13360231
13625663
9043628
14180341
7918355
12725523
3048226
11701222
9132760
8984484
10729801
6424952
13490410
4143937
12973878
9875883
13912003
13795455
7824945
12930278
13466227
11711862
12088134
14153230
13784393
13433642
14125013
14105094
12851067
13847526
13494654
13713841
9653522
9280902
7800113
13952443
12336668
13033009
8033609
8894773
7857897
13183672
13916830
11689367
4531110
13232818
4271433
12899453
14010544
10906805
13982088
9451597
14114199
12885815
8066555
3874029
3311412
1760411
14084676
13348987
13685871
13328523
12864499
9531442
13857142
12973878
13564452
14010544
2284027
10790271
13894166
13282587
14110808
11611213
9550525
