pricelistings
125
109
89
50
73
150
83
50
150
70
82
149
119
33
100
89
250
375
53
100
36
70
60
68
86
79
89
50
45
135
62
48
63
160
60
60
85
99
115
45
125
79
86
45
62
63
75
99
117
68
75
125
99
111
89
49
53
70
89
69
275
30
75
79
95
36
84
109
69
75
80
95
80
135
97
95
85
100
57
109
39
114
75
48
53
79
69
75
89
47
64
45
92
49
85
57
98
69
85
43
89
115
30
30
48
75
30
250
100
79
62
75
89
76
37
79
135
89
65
105
85
50
94
125
79
127
70
45
130
75
43
95
85
99
115
190
120
95
35
45
33
44
104
65
119
65
95
185
110
89
105
47
199
62
33
95
110
87
104
98
99
110
129
95
46
112
95
59
120
45
50
109
149
100
100
99
129
118
70
79
49
75
160
50
64
109
75
89
100
114
99
175
59
80
110
110
100
125
79
70
105
109
96
65
155
95
100
48
75
55
50
108
60
90
69
85
75
125
69
97
80
96
42
75
60
89
98
45
80
150
100
75
140
165
75
85
125
70
99
120
49
55
119
125
80
88
70
69
40
69
210
55
35
45
30
45
49
48
110
125
96
66
60
78
155
240
125
55
69
129
99
90
190
109
48
78
85
42
129
85
97
155
100
89
140
45
79
75
89
140
45
79
75
89
33
75
83
125
135
69
60
125
115
100
59
79
89
140
45
79
75
89
33
75
83
125
135
69
60
125
115
100
59
79
89
140
45
79
75
89
33
75
83
125
135
69
60
125
115
100
59
79
1000
139
120
150
75
50
110
115
30
55
100
89
125
79
69
69
129
45
89
140
45
79
75
89
33
75
83
125
135
69
60
125
115
100
59
79
89
140
45
79
75
89
33
75
83
125
135
69
60
125
115
100
59
79
89
140
45
79
75
89
33
75
83
125
135
69
60
125
115
100
59
79
150
1000
139
120
150
75
50
110
115
30
55
100
89
125
79
69
69
129
100
89
140
45
79
75
89
33
75
83
125
135
69
60
125
115
100
59
1000
139
120
150
75
50
110
115
30
55
100
89
125
79
69
69
129
45
89
140
45
79
75
89
33
75
83
125
135
69
60
125
115
100
59
79
1000
139
120
150
75
50
110
115
30
55
100
89
125
79
69
69
129
45
100
89
140
45
79
75
89
33
75
83
125
135
69
60
125
115
100
59
1000
139
120
150
75
50
110
115
30
55
100
89
125
79
69
69
129
45
1000
139
120
150
75
50
110
115
30
55
100
89
125
79
69
69
129
45
100
89
140
45
79
75
89
33
75
83
125
135
69
60
125
115
100
59
89
140
45
79
75
89
33
75
83
125
135
69
60
125
115
100
59
79
1000
139
120
150
75
50
110
115
30
55
100
89
125
79
69
69
129
45
1000
139
120
150
75
50
110
115
30
55
100
89
125
79
69
69
129
45
89
140
45
79
75
89
33
75
83
125
135
69
60
125
115
100
59
79
89
140
45
79
75
89
33
75
83
125
135
69
60
125
115
100
59
79
100
89
140
45
79
75
89
33
75
83
125
135
69
60
125
115
100
59
89
140
45
79
75
89
33
75
83
125
135
69
60
125
115
100
59
79
89
140
45
79
75
89
33
75
83
125
135
69
60
125
115
100
59
79
89
140
45
79
75
89
33
75
83
125
135
69
60
125
115
100
59
79
1000
139
120
150
75
50
110
115
30
55
100
89
125
79
69
69
129
45
139
120
150
75
50
110
115
30
55
100
89
125
79
69
69
129
45
139
1000
139
120
150
75
50
110
115
30
55
100
89
125
79
69
69
129
45
1000
139
120
150
75
50
110
115
30
55
100
89
125
79
69
69
129
45
89
140
45
79
75
89
33
75
83
125
135
69
60
125
115
100
59
79
1000
139
120
150
75
50
110
115
30
55
100
89
125
79
69
69
129
45
1000
139
120
150
75
50
110
115
30
55
100
89
125
79
69
69
129
45
89
140
45
79
75
89
33
75
83
125
135
69
60
125
115
100
59
79
100
89
140
45
79
75
89
33
75
83
125
135
69
60
125
115
100
59
89
140
45
79
75
89
33
75
83
125
135
69
60
125
115
100
59
79
89
140
45
79
75
89
33
75
83
125
135
69
60
125
115
100
59
79
89
140
45
79
75
89
33
75
83
125
135
69
60
125
115
100
59
79
89
140
45
79
75
89
33
75
83
125
135
69
60
125
115
100
59
79
150
1000
139
120
150
75
50
110
115
30
55
100
89
125
79
69
69
129
89
140
45
79
75
89
33
75
83
125
135
69
60
125
115
100
59
79
1000
139
120
150
75
50
110
115
30
55
100
89
125
79
69
69
129
45
89
140
45
79
75
89
33
75
83
125
135
69
60
125
115
100
59
79
89
140
45
79
75
89
33
75
83
125
135
69
60
125
115
100
59
79
1000
139
120
150
75
50
110
115
30
55
100
89
125
79
69
69
129
45
89
140
45
79
75
89
33
75
83
125
135
69
60
125
115
100
59
79
89
140
45
79
75
89
33
75
83
125
135
69
60
125
115
100
59
79
1000
139
120
150
75
50
110
115
30
55
100
89
125
79
69
69
129
45
1000
139
120
150
75
50
110
115
30
55
100
89
125
79
69
69
129
45
150
1000
139
120
150
75
50
110
115
30
55
100
89
125
79
69
69
129
100
89
140
45
79
75
89
33
75
83
125
135
69
60
125
115
100
59
150
1000
139
120
150
75
50
110
115
30
55
100
89
125
79
69
69
129
1000
139
120
150
75
50
110
115
30
55
100
89
125
79
69
69
129
45
89
140
45
79
75
89
33
75
83
125
135
69
60
125
115
100
59
79
89
140
45
79
75
89
33
75
83
125
135
69
60
125
115
100
59
79
1000
139
120
150
75
50
110
115
30
55
100
89
125
79
69
69
129
45
1000
139
120
150
75
50
110
115
30
55
100
89
125
79
69
69
129
45
1000
139
120
150
75
50
110
115
30
55
100
89
125
79
69
69
129
45
89
140
45
79
75
89
33
75
83
125
135
69
60
125
115
100
59
79
150
1000
139
120
150
75
50
110
115
30
55
100
89
125
79
69
69
129
89
140
45
79
75
89
33
75
83
125
135
69
60
125
115
100
59
79
1000
139
120
150
75
50
110
115
30
55
100
89
125
79
69
69
129
45
139
120
150
75
50
110
115
30
55
100
89
125
79
69
69
129
45
139
89
140
45
79
75
89
33
75
83
125
135
69
60
125
115
100
59
79
1000
139
120
150
75
50
110
115
30
55
100
89
125
79
69
69
129
45
89
140
45
79
75
89
33
75
83
125
135
69
60
125
115
100
59
79
89
140
45
79
75
89
33
75
83
125
135
69
60
125
115
100
59
79
89
140
45
79
75
89
33
75
83
125
135
69
60
125
115
100
59
79
89
140
45
79
75
89
33
75
83
125
135
69
60
125
115
100
59
79
89
140
45
79
75
89
33
75
83
125
135
69
60
125
115
100
59
79
89
140
45
79
75
89
33
75
83
125
135
69
60
125
115
100
59
79
89
140
45
79
75
89
33
75
83
125
135
69
60
125
115
100
59
79
89
140
45
79
75
89
33
75
83
125
135
69
60
125
115
100
59
79
1000
139
120
150
75
50
110
115
30
55
100
89
125
79
69
69
129
45
89
140
45
79
75
89
33
75
83
125
135
69
60
125
115
100
59
79
150
1000
139
120
150
75
50
110
115
30
55
100
89
125
79
69
69
129
89
140
45
79
75
89
33
75
83
125
135
69
60
125
115
100
59
79
89
140
45
79
75
89
33
75
83
125
135
69
60
125
115
100
59
79
89
140
45
79
75
89
33
75
83
125
135
69
60
125
115
100
59
79
89
140
45
79
75
89
33
75
83
125
135
69
60
125
115
100
59
79
1000
139
120
150
75
50
110
115
30
55
100
89
125
79
69
69
129
45
89
140
45
79
75
89
33
75
83
125
135
69
60
125
115
100
59
79
89
140
45
79
75
89
33
75
83
125
135
69
60
125
115
100
59
79
1000
139
120
150
75
50
110
115
30
55
100
89
125
79
69
69
129
45
100
89
140
45
79
75
89
33
75
83
125
135
69
60
125
115
100
59
