IDs
2459643
748222
13642014
12204037
4286391
24723
408161
2178509
12026856
11398231
12569845
2126868
8288576
4614763
11992133
8685943
3759246
12405624
13899631
1280597
13606695
13685131
10546734
13774014
11075529
11992133
7939384
10783991
14031165
12175060
13207788
13893993
2126868
11147228
13845578
8288576
13467291
8411606
11593303
10412144
10529716
14029591
13577482
13980263
9926871
10999421
13981030
14155936
9275279
9780114
13996915
12023104
13732998
13899585
8171889
1551553
11035236
13801466
14027924
10088395
10001209
11340259
14014664
13552280
10836169
7952959
10418322
13167405
13349903
9730358
6729923
7264532
13788948
5970639
12024261
14025282
10357638
13168898
8101297
13803420
2800717
4252808
5154242
12026845
13220657
13116752
9471416
13219829
13591379
13139804
10783991
4275896
14029591
1711403
12023104
14059646
7026287
5338610
6885816
8685766
791573
10474466
3416013
8408710
2800717
2471457
7222704
7073115
13175533
11106417
10455995
6968158
12205354
14059646
13641058
12569845
13732799
14110702
8288229
13138137
7965068
10773277
8685766
12846271
200281
8520295
8762967
13022499
9774068
1408281
13635551
13477247
8904937
13866235
10418322
10840414
8275596
14058974
12657607
2081536
4559621
11496852
11534385
11064517
8082364
4816543
11951491
1277771
7026287
13022499
4616596
2665028
8438983
11390565
8088720
13021568
5039986
9186305
11035236
6968158
7484256
11474298
11951491
2518781
5852066
8904937
5589530
6629798
13899585
3268637
6156195
10509841
7478631
8697987
12705874
4607177
12857736
13469139
7227859
13530165
1520938
13021568
12172311
11593303
13219829
4122671
9065415
1711403
5884735
5589500
678556
4439461
14009785
7073115
4816543
752762
6430646
13552280
13396831
14059646
7329545
8975105
840986
13735664
6596859
7776769
187730
10710892
13857866
13785125
13768233
11891397
12857736
13996915
14241328
9077959
13884539
5468024
14058898
8195090
3721927
6662231
7583236
10139068
8171889
7886634
1711403
10594703
11459095
13318584
13155451
138772
6732755
4907924
4909117
14076513
8540473
7115664
9313952
2134100
9186305
365275
6732755
467507
10250606
12522494
9926871
1356129
4885932
10594703
288213
1971246
9079347
1033754
14013818
3085195
998701
4907924
12522214
909063
7965068
648086
6156195
4263821
11927254
13893993
4885932
1999959
10745423
13916640
13979723
13577482
8351923
4559621
1892250
516836
1755158
11169698
10868024
1356240
1279292
7759317
7348398
11059383
7957587
1489501
3030653
1615158
3201323
10437411
589676
10943035
1633173
808660
14031165
7345033
13139804
7227859
8028929
8697987
13127954
8717641
1684346
3836052
4387067
4902729
7247351
14184574
4902729
12115392
13600947
8799215
11460984
14051421
9493932
7222704
13417633
6529234
10836169
4902799
13625080
13301507
9008416
10001209
2847155
11927254
4885932
12522214
997382
10745423
909063
2518781
4156390
6156195
13893993
9473338
14090819
8697987
10412144
654279
13916640
5069984
8328410
8288229
10250606
1520734
12382918
1433917
10835637
9149812
7583236
6092596
6691920
13980263
12906085
3028924
13139804
10943035
13925189
1370729
2847155
11927254
4885932
12522214
997382
10745423
909063
2518781
4156390
6156195
13893993
9473338
14090819
8697987
10412144
654279
13916640
5069984
7115191
7247351
14184574
4902729
12115392
13600947
8799215
11460984
14051421
9493932
7222704
13417633
6529234
10836169
4902799
13625080
13301507
9008416
7115191
7247351
14184574
4902729
12115392
13600947
8799215
11460984
14051421
9493932
7222704
13417633
6529234
10836169
4902799
13625080
13301507
9008416
7348398
11059383
7957587
1489501
3030653
1615158
12205354
6557736
6872214
1137038
1857709
1033754
10943827
10067187
8195144
5202841
27025
13749110
2847155
11927254
4885932
12522214
997382
10745423
909063
2518781
4156390
6156195
13893993
9473338
14090819
8697987
10412144
654279
13916640
5069984
10864428
14105254
13802791
10823803
8685943
6675827
13925189
10999473
3416013
3722412
12583759
4533652
13149975
13346086
13866235
9545064
9350318
862201
2847155
11927254
4885932
12522214
997382
10745423
909063
2518781
4156390
6156195
13893993
9473338
14090819
8697987
10412144
654279
13916640
5069984
8213336
8328410
8288229
10250606
1520734
12382918
1433917
10835637
9149812
7583236
6092596
6691920
13980263
12906085
3028924
13139804
10943035
13925189
3985721
10864428
14105254
13802791
10823803
8685943
6675827
13925189
10999473
3416013
3722412
12583759
4533652
13149975
13346086
13866235
9545064
9350318
10864428
14105254
13802791
10823803
8685943
6675827
13925189
10999473
3416013
3722412
12583759
4533652
13149975
13346086
13866235
9545064
9350318
862201
7115191
7247351
14184574
4902729
12115392
13600947
8799215
11460984
14051421
9493932
7222704
13417633
6529234
10836169
4902799
13625080
13301507
9008416
7348398
11059383
7957587
1489501
3030653
1615158
12205354
6557736
6872214
1137038
1857709
1033754
10943827
10067187
8195144
5202841
27025
13749110
7348398
11059383
7957587
1489501
3030653
1615158
12205354
6557736
6872214
1137038
1857709
1033754
10943827
10067187
8195144
5202841
27025
13749110
10864428
14105254
13802791
10823803
8685943
6675827
13925189
10999473
3416013
3722412
12583759
4533652
13149975
13346086
13866235
9545064
9350318
862201
7348398
11059383
7957587
1489501
3030653
1615158
12205354
6557736
6872214
1137038
1857709
1033754
10943827
10067187
8195144
5202841
27025
13749110
10864428
14105254
13802791
10823803
8685943
6675827
13925189
10999473
3416013
3722412
12583759
4533652
13149975
13346086
13866235
9545064
9350318
862201
7348398
11059383
7957587
1489501
3030653
1615158
12205354
6557736
6872214
1137038
1857709
1033754
10943827
10067187
8195144
5202841
27025
13749110
2847155
11927254
4885932
12522214
997382
10745423
909063
2518781
4156390
6156195
13893993
9473338
14090819
8697987
10412144
654279
13916640
5069984
10864428
14105254
13802791
10823803
8685943
6675827
13925189
10999473
3416013
3722412
12583759
4533652
13149975
13346086
13866235
9545064
9350318
862201
7115191
7247351
14184574
4902729
12115392
13600947
8799215
11460984
14051421
9493932
7222704
13417633
6529234
10836169
4902799
13625080
13301507
9008416
3201323
10437411
589676
10943035
1633173
808660
14031165
7345033
13139804
7227859
8028929
8697987
13127954
8717641
1684346
3836052
4387067
4902729
10864428
14105254
13802791
10823803
8685943
6675827
13925189
10999473
3416013
3722412
12583759
4533652
13149975
13346086
13866235
9545064
9350318
862201
7348398
11059383
7957587
1489501
3030653
1615158
12205354
6557736
6872214
1137038
1857709
1033754
10943827
10067187
8195144
5202841
27025
13749110
3985721
10864428
14105254
13802791
10823803
8685943
6675827
13925189
10999473
3416013
3722412
12583759
4533652
13149975
13346086
13866235
9545064
9350318
2847155
11927254
4885932
12522214
997382
10745423
909063
2518781
4156390
6156195
13893993
9473338
14090819
8697987
10412144
654279
13916640
5069984
3201323
10437411
589676
10943035
1633173
808660
14031165
7345033
13139804
7227859
8028929
8697987
13127954
8717641
1684346
3836052
4387067
4902729
10864428
14105254
13802791
10823803
8685943
6675827
13925189
10999473
3416013
3722412
12583759
4533652
13149975
13346086
13866235
9545064
9350318
862201
256920
8213336
8328410
8288229
10250606
1520734
12382918
1433917
10835637
9149812
7583236
6092596
6691920
13980263
12906085
3028924
13139804
10943035
7115191
7247351
14184574
4902729
12115392
13600947
8799215
11460984
14051421
9493932
7222704
13417633
6529234
10836169
4902799
13625080
13301507
9008416
2847155
11927254
4885932
12522214
997382
10745423
909063
2518781
4156390
6156195
13893993
9473338
14090819
8697987
10412144
654279
13916640
5069984
7247351
14184574
4902729
12115392
13600947
8799215
11460984
14051421
9493932
7222704
13417633
6529234
10836169
4902799
13625080
13301507
9008416
10001209
7115191
7247351
14184574
4902729
12115392
13600947
8799215
11460984
14051421
9493932
7222704
13417633
6529234
10836169
4902799
13625080
13301507
9008416
7759317
7348398
11059383
7957587
1489501
3030653
1615158
12205354
6557736
6872214
1137038
1857709
1033754
10943827
10067187
8195144
5202841
27025
7115191
7247351
14184574
4902729
12115392
13600947
8799215
11460984
14051421
9493932
7222704
13417633
6529234
10836169
4902799
13625080
13301507
9008416
256920
8213336
8328410
8288229
10250606
1520734
12382918
1433917
10835637
9149812
7583236
6092596
6691920
13980263
12906085
3028924
13139804
10943035
7759317
7348398
11059383
7957587
1489501
3030653
1615158
12205354
6557736
6872214
1137038
1857709
1033754
10943827
10067187
8195144
5202841
27025
7759317
7348398
11059383
7957587
1489501
3030653
1615158
12205354
6557736
6872214
1137038
1857709
1033754
10943827
10067187
8195144
5202841
27025
3985721
10864428
14105254
13802791
10823803
8685943
6675827
13925189
10999473
3416013
3722412
12583759
4533652
13149975
13346086
13866235
9545064
9350318
7115191
7247351
14184574
4902729
12115392
13600947
8799215
11460984
14051421
9493932
7222704
13417633
6529234
10836169
4902799
13625080
13301507
9008416
256920
8213336
8328410
8288229
10250606
1520734
12382918
1433917
10835637
9149812
7583236
6092596
6691920
13980263
12906085
3028924
13139804
10943035
8646903
2847155
11927254
4885932
12522214
997382
10745423
909063
2518781
4156390
6156195
13893993
9473338
14090819
8697987
10412144
654279
13916640
256920
8213336
8328410
8288229
10250606
1520734
12382918
1433917
10835637
9149812
7583236
6092596
6691920
13980263
12906085
3028924
13139804
10943035
7759317
7348398
11059383
7957587
1489501
3030653
1615158
12205354
6557736
6872214
1137038
1857709
1033754
10943827
10067187
8195144
5202841
27025
9340256
3201323
10437411
589676
10943035
1633173
808660
14031165
7345033
13139804
7227859
8028929
8697987
13127954
8717641
1684346
3836052
4387067
256920
8213336
8328410
8288229
10250606
1520734
12382918
1433917
10835637
9149812
7583236
6092596
6691920
13980263
12906085
3028924
13139804
10943035
9340256
3201323
10437411
589676
10943035
1633173
808660
14031165
7345033
13139804
7227859
8028929
8697987
13127954
8717641
1684346
3836052
4387067
9340256
3201323
10437411
589676
10943035
1633173
808660
14031165
7345033
13139804
7227859
8028929
8697987
13127954
8717641
1684346
3836052
4387067
7115191
7247351
14184574
4902729
12115392
13600947
8799215
11460984
14051421
9493932
7222704
13417633
6529234
10836169
4902799
13625080
13301507
9008416
7759317
7348398
11059383
7957587
1489501
3030653
1615158
12205354
6557736
6872214
1137038
1857709
1033754
10943827
10067187
8195144
5202841
27025
9340256
3201323
10437411
589676
10943035
1633173
808660
14031165
7345033
13139804
7227859
8028929
8697987
13127954
8717641
1684346
3836052
4387067
8646903
2847155
11927254
4885932
12522214
997382
10745423
909063
2518781
4156390
6156195
13893993
9473338
14090819
8697987
10412144
654279
13916640
7759317
7348398
11059383
7957587
1489501
3030653
1615158
12205354
6557736
6872214
1137038
1857709
1033754
10943827
10067187
8195144
5202841
27025
8646903
2847155
11927254
4885932
12522214
997382
10745423
909063
2518781
4156390
6156195
13893993
9473338
14090819
8697987
10412144
654279
13916640
9340256
3201323
10437411
589676
10943035
1633173
808660
14031165
7345033
13139804
7227859
8028929
8697987
13127954
8717641
1684346
3836052
4387067
7115191
7247351
14184574
4902729
12115392
13600947
8799215
11460984
14051421
9493932
7222704
13417633
6529234
10836169
4902799
13625080
13301507
9008416
455783
7115191
7247351
14184574
4902729
12115392
13600947
8799215
11460984
14051421
9493932
7222704
13417633
6529234
10836169
4902799
13625080
13301507
7115191
7247351
14184574
4902729
12115392
13600947
8799215
11460984
14051421
9493932
7222704
13417633
6529234
10836169
4902799
13625080
13301507
9008416
7759317
7348398
11059383
7957587
1489501
3030653
1615158
12205354
6557736
6872214
1137038
1857709
1033754
10943827
10067187
8195144
5202841
27025
3985721
10864428
14105254
13802791
10823803
8685943
6675827
13925189
10999473
3416013
3722412
12583759
4533652
13149975
13346086
13866235
9545064
9350318
7759317
7348398
11059383
7957587
1489501
3030653
1615158
12205354
6557736
6872214
1137038
1857709
1033754
10943827
10067187
8195144
5202841
27025
256920
8213336
8328410
8288229
10250606
1520734
12382918
1433917
10835637
9149812
7583236
6092596
6691920
13980263
12906085
3028924
13139804
10943035
8646903
2847155
11927254
4885932
12522214
997382
10745423
909063
2518781
4156390
6156195
13893993
9473338
14090819
8697987
10412144
654279
13916640
256920
8213336
8328410
8288229
10250606
1520734
12382918
1433917
10835637
9149812
7583236
6092596
6691920
13980263
12906085
3028924
13139804
10943035
256920
8213336
8328410
8288229
10250606
1520734
12382918
1433917
10835637
9149812
7583236
6092596
6691920
13980263
12906085
3028924
13139804
10943035
7759317
7348398
11059383
7957587
1489501
3030653
1615158
12205354
6557736
6872214
1137038
1857709
1033754
10943827
10067187
8195144
5202841
27025
9340256
3201323
10437411
589676
10943035
1633173
808660
14031165
7345033
13139804
7227859
8028929
8697987
13127954
8717641
1684346
3836052
4387067
9340256
3201323
10437411
589676
10943035
1633173
808660
14031165
7345033
13139804
7227859
8028929
8697987
13127954
8717641
1684346
3836052
4387067
256920
8213336
8328410
8288229
10250606
1520734
12382918
1433917
10835637
9149812
7583236
6092596
6691920
13980263
12906085
3028924
13139804
10943035
7759317
7348398
11059383
7957587
1489501
3030653
1615158
12205354
6557736
6872214
1137038
1857709
1033754
10943827
10067187
8195144
5202841
27025
9340256
3201323
10437411
589676
10943035
1633173
808660
14031165
7345033
13139804
7227859
8028929
8697987
13127954
8717641
1684346
3836052
4387067
6887043
3985721
10864428
14105254
13802791
10823803
8685943
6675827
13925189
10999473
3416013
3722412
12583759
4533652
13149975
13346086
13866235
9545064
13884730
256920
8213336
8328410
8288229
10250606
1520734
12382918
1433917
10835637
9149812
7583236
6092596
6691920
13980263
12906085
3028924
13139804
8646903
2847155
11927254
4885932
12522214
997382
10745423
909063
2518781
4156390
6156195
13893993
9473338
14090819
8697987
10412144
654279
13916640
7759317
7348398
11059383
7957587
1489501
3030653
1615158
12205354
6557736
6872214
1137038
1857709
1033754
10943827
10067187
8195144
5202841
27025
7115191
7247351
14184574
4902729
12115392
13600947
8799215
11460984
14051421
9493932
7222704
13417633
6529234
10836169
4902799
13625080
13301507
9008416
13884730
256920
8213336
8328410
8288229
10250606
1520734
12382918
1433917
10835637
9149812
7583236
6092596
6691920
13980263
12906085
3028924
13139804
8646903
2847155
11927254
4885932
12522214
997382
10745423
909063
2518781
4156390
6156195
13893993
9473338
14090819
8697987
10412144
654279
13916640
455783
7115191
7247351
14184574
4902729
12115392
13600947
8799215
11460984
14051421
9493932
7222704
13417633
6529234
10836169
4902799
13625080
13301507
7115191
7247351
14184574
4902729
12115392
13600947
8799215
11460984
14051421
9493932
7222704
13417633
6529234
10836169
4902799
13625080
13301507
9008416
