pricelistings
250
100
220
80
160
50
85
64
80
109
190
55
170
60
99
119
89
185
199
36
60
115
99
80
170
268
100
67
125
89
185
55
161
95
80
80
60
125
163
59
75
120
174
79
160
75
90
130
112
175
190
115
150
100
125
180
90
195
109
100
160
119
145
190
110
78
160
75
125
79
79
150
150
89
92
150
245
125
185
140
128
90
85
110
159
80
85
111
100
100
36
36
125
169
75
125
120
70
180
109
96
105
125
245
108
80
95
195
65
190
99
80
130
59
89
120
135
70
180
80
65
200
80
195
110
160
95
115
156
129
125
75
142
190
185
250
35
59
100
185
165
69
119
68
75
239
134
150
140
225
119
89
250
90
188
91
160
245
139
108
70
65
161
125
300
115
125
150
90
80
150
155
136
230
94
225
159
80
160
180
205
125
109
100
150
165
78
200
119
87
69
85
115
169
190
134
275
160
100
175
70
75
85
175
39
102
129
150
75
125
100
125
149
220
115
87
115
79
160
169
150
149
89
235
133
190
146
140
89
160
175
110
159
80
125
102
150
150
225
100
85
90
85
175
79
85
100
110
100
500
165
150
185
400
195
168
350
61
140
79
65
120
150
180
85
139
40
185
99
60
71
126
180
75
111
125
100
123
100
91
99
185
108
95
75
82
80
105
119
100
175
97
53
200
80
164
85
179
106
60
95
159
250
90
205
89
100
195
110
188
67
130
120
39
34
134
90
159
93
175
179
135
129
75
160
155
135
140
95
99
80
50
130
205
300
143
125
98
225
185
100
120
100
195
110
188
67
130
120
39
34
134
90
159
93
175
179
135
129
75
165
120
250
300
89
200
100
115
133
80
125
115
150
150
87
109
65
179
207
209
235
100
103
120
174
215
70
89
113
34
188
100
199
170
97
155
160
155
135
140
95
99
80
50
130
205
300
143
125
98
225
185
100
120
165
120
250
300
89
200
100
115
133
80
125
115
150
150
87
109
65
179
119
100
175
97
53
200
80
164
85
179
106
60
95
159
250
90
205
89
207
209
235
100
103
120
174
215
70
89
113
34
188
100
199
170
97
155
119
100
175
97
53
200
80
164
85
179
106
60
95
159
250
90
205
89
160
155
135
140
95
99
80
50
130
205
300
143
125
98
225
185
100
120
100
195
110
188
67
130
120
39
34
134
90
159
93
175
179
135
129
75
100
195
110
188
67
130
120
39
34
134
90
159
93
175
179
135
129
75
108
95
75
82
80
105
225
135
210
105
108
135
96
75
85
79
100
60
119
100
175
97
53
200
80
164
85
179
106
60
95
159
250
90
205
89
160
155
135
140
95
99
80
50
130
205
300
143
125
98
225
185
100
120
207
209
235
100
103
120
174
215
70
89
113
34
188
100
199
170
97
155
165
120
250
300
89
200
100
115
133
80
125
115
150
150
87
109
65
179
100
195
110
188
67
130
120
39
34
134
90
159
93
175
179
135
129
75
207
209
235
100
103
120
174
215
70
89
113
34
188
100
199
170
97
155
108
95
75
82
80
105
225
135
210
105
108
135
96
75
85
79
100
60
100
195
110
188
67
130
120
39
34
134
90
159
93
175
179
135
129
75
165
120
250
300
89
200
100
115
133
80
125
115
150
150
87
109
65
179
100
165
120
250
300
89
200
100
115
133
80
125
115
150
150
87
109
65
160
155
135
140
95
99
80
50
130
205
300
143
125
98
225
185
100
120
160
155
135
140
95
99
80
50
130
205
300
143
125
98
225
185
100
120
95
75
82
80
105
225
135
210
105
108
135
96
75
85
79
100
60
100
108
95
75
82
80
105
225
135
210
105
108
135
96
75
85
79
100
60
207
209
235
100
103
120
174
215
70
89
113
34
188
100
199
170
97
155
95
75
82
80
105
225
135
210
105
108
135
96
75
85
79
100
60
100
160
155
135
140
95
99
80
50
130
205
300
143
125
98
225
185
100
120
119
100
175
97
53
200
80
164
85
179
106
60
95
159
250
90
205
89
119
100
175
97
53
200
80
164
85
179
106
60
95
159
250
90
205
89
207
209
235
100
103
120
174
215
70
89
113
34
188
100
199
170
97
155
95
75
82
80
105
225
135
210
105
108
135
96
75
85
79
100
60
100
207
209
235
100
103
120
174
215
70
89
113
34
188
100
199
170
97
155
160
155
135
140
95
99
80
50
130
205
300
143
125
98
225
185
100
120
207
209
235
100
103
120
174
215
70
89
113
34
188
100
199
170
97
155
119
100
175
97
53
200
80
164
85
179
106
60
95
159
250
90
205
89
207
209
235
100
103
120
174
215
70
89
113
34
188
100
199
170
97
155
119
100
175
97
53
200
80
164
85
179
106
60
95
159
250
90
205
89
100
195
110
188
67
130
120
39
34
134
90
159
93
175
179
135
129
75
108
95
75
82
80
105
225
135
210
105
108
135
96
75
85
79
100
60
119
100
175
97
53
200
80
164
85
179
106
60
95
159
250
90
205
89
207
209
235
100
103
120
174
215
70
89
113
34
188
100
199
170
97
155
100
195
110
188
67
130
120
39
34
134
90
159
93
175
179
135
129
75
160
155
135
140
95
99
80
50
130
205
300
143
125
98
225
185
100
120
207
209
235
100
103
120
174
215
70
89
113
34
188
100
199
170
97
155
165
120
250
300
89
200
100
115
133
80
125
115
150
150
87
109
65
179
119
100
175
97
53
200
80
164
85
179
106
60
95
159
250
90
205
89
207
209
235
100
103
120
174
215
70
89
113
34
188
100
199
170
97
155
160
155
135
140
95
99
80
50
130
205
300
143
125
98
225
185
100
120
100
195
110
188
67
130
120
39
34
134
90
159
93
175
179
135
129
75
100
195
110
188
67
130
120
39
34
134
90
159
93
175
179
135
129
75
207
209
235
100
103
120
174
215
70
89
113
34
188
100
199
170
97
155
95
75
82
80
105
225
135
210
105
108
135
96
75
85
79
100
60
100
207
209
235
100
103
120
174
215
70
89
113
34
188
100
199
170
97
155
100
195
110
188
67
130
120
39
34
134
90
159
93
175
179
135
129
75
119
100
175
97
53
200
80
164
85
179
106
60
95
159
250
90
205
89
160
155
135
140
95
99
80
50
130
205
300
143
125
98
225
185
100
120
207
209
235
100
103
120
174
215
70
89
113
34
188
100
199
170
97
155
160
155
135
140
95
99
80
50
130
205
300
143
125
98
225
185
100
120
119
100
175
97
53
200
80
164
85
179
106
60
95
159
250
90
205
89
100
195
110
188
67
130
120
39
34
134
90
159
93
175
179
135
129
75
95
75
82
80
105
225
135
210
105
108
135
96
75
85
79
100
60
100
95
75
82
80
105
225
135
210
105
108
135
96
75
85
79
100
60
100
108
95
75
82
80
105
225
135
210
105
108
135
96
75
85
79
100
60
108
95
75
82
80
105
225
135
210
105
108
135
96
75
85
79
100
60
160
155
135
140
95
99
80
50
130
205
300
143
125
98
225
185
100
120
119
100
175
97
53
200
80
164
85
179
106
60
95
159
250
90
205
89
119
100
175
97
53
200
80
164
85
179
106
60
95
159
250
90
205
89
160
155
135
140
95
99
80
50
130
205
300
143
125
98
225
185
100
120
165
120
250
300
89
200
100
115
133
80
125
115
150
150
87
109
65
179
119
100
175
97
53
200
80
164
85
179
106
60
95
159
250
90
205
89
119
100
175
97
53
200
80
164
85
179
106
60
95
159
250
90
205
89
100
195
110
188
67
130
120
39
34
134
90
159
93
175
179
135
129
75
160
155
135
140
95
99
80
50
130
205
300
143
125
98
225
185
100
120
100
195
110
188
67
130
120
39
34
134
90
159
93
175
179
135
129
75
119
100
175
97
53
200
80
164
85
179
106
60
95
159
250
90
205
89
95
75
82
80
105
225
135
210
105
108
135
96
75
85
79
100
60
100
95
75
82
80
105
225
135
210
105
108
135
96
75
85
79
100
60
100
100
195
110
188
67
130
120
39
34
134
90
159
93
175
179
135
129
75
100
195
110
188
67
130
120
39
34
134
90
159
93
175
179
135
129
75
